3 -1
2,97610278419822 -0,964154176297327
2,95220556839644 -0,928308352594655
2,92830835259466 -0,892462528891983
2,90441113679287 -0,85661670518931
2,88051392099109 -0,820770881486638
2,85661670518931 -0,784925057783965
2,83271948938753 -0,749079234081293
2,80882227358575 -0,71323341037862
2,78492505778397 -0,677387586675948
2,76102784198218 -0,641541762973275
2,7371306261804 -0,605695939270603
2,71323341037862 -0,56985011556793
2,68933619457684 -0,534004291865258
2,66543897877506 -0,498158468162585
2,64154176297327 -0,462312644459913
2,61764454717149 -0,42646682075724
2,59374733136971 -0,390620997054568
2,56985011556793 -0,354775173351895
2,54595289976615 -0,318929349649223
2,52205568396437 -0,28308352594655
2,49815846816259 -0,247237702243878
2,4742612523608 -0,211391878541205
2,45036403655902 -0,175546054838533
2,42646682075724 -0,13970023113586
2,40256960495546 -0,103854407433188
2,37867238915368 -0,0680085837305153
2,3547751733519 -0,0321627600278428
2,33087795755011 0,00368306367482968
2,30698074174833 0,0395288873775022
2,28308352594655 0,0753747110801747
2,25918631014477 0,111220534782847
2,23528909434299 0,14706635848552
2,21139187854121 0,182912182188192
2,18749466273942 0,218758005890865
2,16359744693764 0,254603829593537
2,13970023113586 0,29044965329621
2,11580301533408 0,326295476998882
2,0919057995323 0,362141300701555
2,06800858373052 0,397987124404227
2,04411136792873 0,4338329481069
2,02021415212695 0,469678771809572
1,99631693632517 0,505524595512244
1,97241972052339 0,541370419214917
1,94852250472161 0,57721624291759
1,92462528891983 0,613062066620262
1,90072807311804 0,648907890322935
1,87683085731626 0,684753714025607
1,85293364151448 0,720599537728279
1,8290364257127 0,756445361430952
1,80513920991092 0,792291185133624
1,78124199410914 0,828137008836297
1,75734477830735 0,863982832538969
1,73344756250557 0,899828656241642
1,70955034670379 0,935674479944314
1,68565313090201 0,971520303646987
1,66175591510023 1,00736612734966
1,63785869929845 1,04321195105233
1,61396148349666 1,079057774755
1,59006426769488 1,11490359845768
1,5661670518931 1,15074942216035
1,54226983609132 1,18659524586302
1,51837262028954 1,22244106956569
1,49447540448776 1,25828689326837
1,47057818868597 1,29413271697104
1,44668097288419 1,32997854067371
1,42278375708241 1,36582436437638
1,39888654128063 1,40167018807906
1,37498932547885 1,43751601178173
1,35109210967707 1,4733618354844
1,32719489387528 1,50920765918707
1,3032976780735 1,54505348288975
1,27940046227172 1,58089930659242
1,25550324646994 1,61674513029509
1,23160603066816 1,65259095399776
1,20770881486638 1,68843677770044
1,18381159906459 1,72428260140311
1,15991438326281 1,76012842510578
1,13601716746103 1,79597424880845
1,11211995165925 1,83182007251113
1,08822273585747 1,8676658962138
1,06432552005569 1,90351171991647
1,0404283042539 1,93935754361914
1,01653108845212 1,97520336732182
1 2
1 2,04308131845708
1 2,08616263691415
1 2,12924395537123
1 2,1723252738283
1 2,21540659228538
1 2,25848791074246
1 2,30156922919953
1 2,34465054765661
1 2,38773186611368
1 2,43081318457076
1 2,47389450302784
1 2,51697582148491
1 2,56005713994199
1 2,60313845839906
1 2,64621977685614
1 2,68930109531322
1 2,73238241377029
1 2,77546373222737
1 2,81854505068444
1 2,86162636914152
1 2,9047076875986
1 2,94778900605567
1 2,99087032451275
1 3,03395164296982
1 3,0770329614269
1 3,12011427988398
1 3,16319559834105
1 3,20627691679813
1 3,24935823525521
1 3,29243955371228
1 3,33552087216936
1 3,37860219062643
1 3,42168350908351
1 3,46476482754059
1 3,50784614599766
1 3,55092746445474
1 3,59400878291181
1 3,63709010136889
1 3,68017141982597
1 3,72325273828304
1 3,76633405674012
1 3,80941537519719
1 3,85249669365427
1 3,89557801211135
1 3,93865933056842
1 3,9817406490255
1 4
1,03046309242346 3,96953690757654
1,06092618484691 3,93907381515309
1,09138927727037 3,90861072272963
1,12185236969382 3,87814763030618
1,15231546211728 3,84768453788272
1,18277855454073 3,81722144545927
1,21324164696419 3,78675835303581
1,24370473938765 3,75629526061235
1,2741678318111 3,7258321681889
1,30463092423456 3,69536907576544
1,33509401665801 3,66490598334199
1,36555710908147 3,63444289091853
1,39602020150492 3,60397979849508
1,42648329392838 3,57351670607162
1,45694638635183 3,54305361364817
1,48740947877529 3,51259052122471
1,51787257119875 3,48212742880125
1,5483356636222 3,4516643363778
1,57879875604566 3,42120124395434
1,60926184846911 3,39073815153089
1,63972494089257 3,36027505910743
1,67018803331602 3,32981196668398
1,70065112573948 3,29934887426052
1,73111421816294 3,26888578183706
1,76157731058639 3,23842268941361
1,79204040300985 3,20795959699015
1,8225034954333 3,1774965045667
1,85296658785676 3,14703341214324
1,88342968028021 3,11657031971979
1,91389277270367 3,08610722729633
1,94435586512712 3,05564413487288
1,97481895755058 3,02518104244942
2,00528204997404 2,99471795002596
2,03574514239749 2,96425485760251
2,06620823482095 2,93379176517905
2,0966713272444 2,9033286727556
2,12713441966786 2,87286558033214
2,15759751209131 2,84240248790869
2,18806060451477 2,81193939548523
2,21852369693823 2,78147630306177
2,24898678936168 2,75101321063832
2,27944988178514 2,72055011821486
2,30991297420859 2,69008702579141
2,34037606663205 2,65962393336795
2,3708391590555 2,6291608409445
2,40130225147896 2,59869774852104
2,43176534390241 2,56823465609759
2,46222843632587 2,53777156367413
2,49269152874933 2,50730847125067
2,52315462117278 2,47684537882722
2,55361771359624 2,44638228640376
2,58408080601969 2,41591919398031
2,61454389844315 2,38545610155685
2,6450069908666 2,3549930091334
2,67547008329006 2,32452991670994
2,70593317571352 2,29406682428648
2,73639626813697 2,26360373186303
2,76685936056043 2,23314063943957
2,79732245298388 2,20267754701612
2,82778554540734 2,17221445459266
2,85824863783079 2,14175136216921
2,88871173025425 2,11128826974575
2,91917482267771 2,08082517732229
2,94963791510116 2,05036208489884
2,98010100752462 2,01989899247538
3 2
3,04308131845708 2
3,08616263691415 2
3,12924395537123 2
3,1723252738283 2
3,21540659228538 2
3,25848791074246 2
3,30156922919953 2
3,34465054765661 2
3,38773186611368 2
3,43081318457076 2
3,47389450302784 2
3,51697582148491 2
3,56005713994199 2
3,60313845839906 2
3,64621977685614 2
3,68930109531322 2
3,73238241377029 2
3,77546373222737 2
3,81854505068444 2
3,86162636914152 2
3,9047076875986 2
3,94778900605567 2
3,99087032451275 2
4 2
3,98073344867393 2,03853310265214
3,96146689734786 2,07706620530427
3,9422003460218 2,11559930795641
3,92293379469573 2,15413241060854
3,90366724336966 2,19266551326068
3,88440069204359 2,23119861591281
3,86513414071753 2,26973171856495
3,84586758939146 2,30826482121708
3,82660103806539 2,34679792386922
3,80733448673932 2,38533102652135
3,78806793541326 2,42386412917349
3,76880138408719 2,46239723182562
3,74953483276112 2,50093033447776
3,73026828143505 2,53946343712989
3,71100173010898 2,57799653978203
3,69173517878292 2,61652964243417
3,67246862745685 2,6550627450863
3,65320207613078 2,69359584773844
3,63393552480471 2,73212895039057
3,61466897347865 2,77066205304271
3,59540242215258 2,80919515569484
3,57613587082651 2,84772825834698
3,55686931950044 2,88626136099911
3,53760276817438 2,92479446365125
3,51833621684831 2,96332756630338
3,49906966552224 3,00186066895552
3,47980311419617 3,04039377160765
3,46053656287011 3,07892687425979
3,44127001154404 3,11745997691192
3,42200346021797 3,15599307956406
3,4027369088919 3,1945261822162
3,38347035756583 3,23305928486833
3,36420380623977 3,27159238752047
3,3449372549137 3,3101254901726
3,32567070358763 3,34865859282474
3,30640415226156 3,38719169547687
3,2871376009355 3,42572479812901
3,26787104960943 3,46425790078114
3,24860449828336 3,50279100343328
3,22933794695729 3,54132410608541
3,21007139563123 3,57985720873755
3,19080484430516 3,61839031138968
3,17153829297909 3,65692341404182
3,15227174165302 3,69545651669396
3,13300519032695 3,73398961934609
3,11373863900089 3,77252272199823
3,09447208767482 3,81105582465036
3,07520553634875 3,8495889273025
3,05593898502268 3,88812202995463
3,03667243369662 3,92665513260677
3,01740588237055 3,9651882352589
2,99813933104448 4,00372133791104
2,97887277971841 4,04225444056317
2,95960622839235 4,08078754321531
2,94033967706628 4,11932064586744
2,92107312574021 4,15785374851958
2,90180657441414 4,19638685117171
2,88254002308808 4,23491995382385
2,86327347176201 4,27345305647599
2,84400692043594 4,31198615912812
2,82474036910987 4,35051926178026
2,8054738177838 4,38905236443239
2,78620726645774 4,42758546708453
2,76694071513167 4,46611856973666
2,7476741638056 4,5046516723888
2,72840761247953 4,54318477504093
2,70914106115347 4,58171787769307
2,6898745098274 4,6202509803452
2,67060795850133 4,65878408299734
2,65134140717526 4,69731718564947
2,6320748558492 4,73585028830161
2,61280830452313 4,77438339095374
2,59354175319706 4,81291649360588
2,57427520187099 4,85144959625802
2,55500865054492 4,88998269891015
2,53574209921886 4,92851580156229
2,51647554789279 4,96704890421442
2,49720899656672 5,00558200686656
2,47794244524065 5,04411510951869
2,45867589391459 5,08264821217083
2,43940934258852 5,12118131482296
2,42014279126245 5,1597144174751
2,40087623993638 5,19824752012723
2,38160968861032 5,23678062277937
2,36234313728425 5,2753137254315
2,34307658595818 5,31384682808364
2,32381003463211 5,35237993073577
2,30454348330604 5,39091303338791
2,28527693197998 5,42944613604005
2,26601038065391 5,46797923869218
2,24674382932784 5,50651234134432
2,22747727800177 5,54504544399645
2,20821072667571 5,58357854664859
2,18894417534964 5,62211164930072
2,16967762402357 5,66064475195286
2,1504110726975 5,69917785460499
2,13114452137144 5,73771095725713
2,11187797004537 5,77624405990926
2,0926114187193 5,8147771625614
2,07334486739323 5,85331026521353
2,05407831606716 5,89184336786567
2,0348117647411 5,93037647051781
2,01554521341503 5,96890957316994
2 6
1,95691868154292 6
1,91383736308585 6
1,87075604462877 6
1,8276747261717 6
1,78459340771462 6
1,74151208925754 6
1,69843077080047 6
1,65534945234339 6
1,61226813388632 6
1,56918681542924 6
1,52610549697216 6
1,48302417851509 6
1,43994286005801 6
1,39686154160094 6
1,35378022314386 6
1,31069890468678 6
1,26761758622971 6
1,22453626777263 6
1,18145494931556 6
1,13837363085848 6
1,0952923124014 6
1,05221099394433 6
1,00912967548725 6
0,966048357030175 6
0,922967038573099 6
0,879885720116023 6
0,836804401658947 6
0,793723083201871 6
0,750641764744795 6
0,707560446287719 6
0,664479127830643 6
0,621397809373567 6
0,578316490916491 6
0,535235172459415 6
0,492153854002339 6
0,449072535545263 6
0,405991217088187 6
0,362909898631111 6
0,319828580174035 6
0,276747261716959 6
0,233665943259883 6
0,190584624802807 6
0,147503306345731 6
0,104421987888655 6
0,0613406694315786 6
0,0182593509745026 6
-0,0248219674825734 6
-0,0679032859396494 6
-0,110984604396725 6
-0,154065922853801 6
-0,197147241310878 6
-0,240228559767954 6
-0,28330987822503 6
-0,326391196682106 6
-0,369472515139182 6
-0,412553833596258 6
-0,455635152053334 6
-0,49871647051041 6
-0,541797788967486 6
-0,584879107424562 6
-0,627960425881638 6
-0,671041744338714 6
-0,71412306279579 6
-0,757204381252866 6
-0,800285699709942 6
-0,843367018167018 6
-0,886448336624094 6
-0,92952965508117 6
-0,972610973538246 6
-1 6
-1,01926655132607 5,96146689734787
-1,03853310265214 5,92293379469573
-1,0577996539782 5,88440069204359
-1,07706620530427 5,84586758939146
-1,09633275663034 5,80733448673932
-1,11559930795641 5,76880138408719
-1,13486585928247 5,73026828143505
-1,15413241060854 5,69173517878292
-1,17339896193461 5,65320207613078
-1,19266551326068 5,61466897347865
-1,21193206458674 5,57613587082651
-1,23119861591281 5,53760276817438
-1,25046516723888 5,49906966552224
-1,26973171856495 5,46053656287011
-1,28899826989102 5,42200346021797
-1,30826482121708 5,38347035756583
-1,32753137254315 5,3449372549137
-1,34679792386922 5,30640415226156
-1,36606447519529 5,26787104960943
-1,38533102652135 5,22933794695729
-1,40459757784742 5,19080484430516
-1,42386412917349 5,15227174165302
-1,44313068049956 5,11373863900089
-1,46239723182562 5,07520553634875
-1,48166378315169 5,03667243369662
-1,50093033447776 4,99813933104448
-1,52019688580383 4,95960622839235
-1,53946343712989 4,92107312574021
-1,55872998845596 4,88254002308808
-1,57799653978203 4,84400692043594
-1,5972630911081 4,8054738177838
-1,61652964243417 4,76694071513167
-1,63579619376023 4,72840761247953
-1,6550627450863 4,6898745098274
-1,67432929641237 4,65134140717526
-1,69359584773844 4,61280830452313
-1,7128623990645 4,57427520187099
-1,73212895039057 4,53574209921886
-1,75139550171664 4,49720899656672
-1,77066205304271 4,45867589391459
-1,78992860436877 4,42014279126245
-1,80919515569484 4,38160968861032
-1,82846170702091 4,34307658595818
-1,84772825834698 4,30454348330604
-1,86699480967305 4,26601038065391
-1,88626136099911 4,22747727800177
-1,90552791232518 4,18894417534964
-1,92479446365125 4,1504110726975
-1,94406101497732 4,11187797004537
-1,96332756630338 4,07334486739323
-1,98259411762945 4,0348117647411
-2 4
-2 3,95691868154292
-2 3,91383736308585
-2 3,87075604462877
-2 3,8276747261717
-2 3,78459340771462
-2 3,74151208925754
-2 3,69843077080047
-2 3,65534945234339
-2 3,61226813388632
-2 3,56918681542924
-2 3,52610549697216
-2 3,48302417851509
-2 3,43994286005801
-2 3,39686154160094
-2 3,35378022314386
-2 3,31069890468678
-2 3,26761758622971
-2 3,22453626777263
-2 3,18145494931556
-2 3,13837363085848
-2 3,0952923124014
-2 3,05221099394433
-2 3,00912967548725
-2 2,96604835703018
-2 2,9229670385731
-2 2,87988572011602
-2 2,83680440165895
-2 2,79372308320187
-2 2,75064176474479
-2 2,70756044628772
-2 2,66447912783064
-2 2,62139780937357
-2 2,57831649091649
-2 2,53523517245941
-2 2,49215385400234
-2 2,44907253554526
-2 2,40599121708819
-2 2,36290989863111
-2 2,31982858017403
-2 2,27674726171696
-2 2,23366594325988
-2 2,19058462480281
-2 2,14750330634573
-2 2,10442198788865
-2 2,06134066943158
-2 2,0182593509745
-2 2
-2,03046309242346 2,03046309242346
-2,06092618484691 2,06092618484691
-2,09138927727037 2,09138927727037
-2,12185236969382 2,12185236969382
-2,15231546211728 2,15231546211728
-2,18277855454073 2,18277855454073
-2,21324164696419 2,21324164696419
-2,24370473938765 2,24370473938765
-2,2741678318111 2,2741678318111
-2,30463092423456 2,30463092423456
-2,33509401665801 2,33509401665801
-2,36555710908147 2,36555710908147
-2,39602020150492 2,39602020150492
-2,42648329392838 2,42648329392838
-2,45694638635183 2,45694638635183
-2,48740947877529 2,48740947877529
-2,51787257119875 2,51787257119875
-2,5483356636222 2,5483356636222
-2,57879875604566 2,57879875604566
-2,60926184846911 2,60926184846911
-2,63972494089257 2,63972494089257
-2,67018803331602 2,67018803331602
-2,70065112573948 2,70065112573948
-2,73111421816294 2,73111421816294
-2,76157731058639 2,76157731058639
-2,79204040300985 2,79204040300985
-2,8225034954333 2,8225034954333
-2,85296658785676 2,85296658785676
-2,88342968028021 2,88342968028021
-2,91389277270367 2,91389277270367
-2,94435586512712 2,94435586512712
-2,97481895755058 2,97481895755058
-3 3
-3 2,95691868154292
-3 2,91383736308585
-3 2,87075604462877
-3 2,8276747261717
-3 2,78459340771462
-3 2,74151208925754
-3 2,69843077080047
-3 2,65534945234339
-3 2,61226813388632
-3 2,56918681542924
-3 2,52610549697216
-3 2,48302417851509
-3 2,43994286005801
-3 2,39686154160094
-3 2,35378022314386
-3 2,31069890468678
-3 2,26761758622971
-3 2,22453626777263
-3 2,18145494931556
-3 2,13837363085848
-3 2,0952923124014
-3 2,05221099394433
-3 2,00912967548725
-3 1,96604835703018
-3 1,9229670385731
-3 1,87988572011602
-3 1,83680440165895
-3 1,79372308320187
-3 1,7506417647448
-3 1,70756044628772
-3 1,66447912783064
-3 1,62139780937357
-3 1,57831649091649
-3 1,53523517245941
-3 1,49215385400234
-3 1,44907253554526
-3 1,40599121708819
-3 1,36290989863111
-3 1,31982858017403
-3 1,27674726171696
-3 1,23366594325988
-3 1,19058462480281
-3 1,14750330634573
-3 1,10442198788865
-3 1,06134066943158
-3 1,0182593509745
-3 0,975178032517427
-3 0,932096714060351
-3 0,889015395603274
-3 0,845934077146199
-3 0,802852758689122
-3 0,759771440232046
-3 0,71669012177497
-3 0,673608803317894
-3 0,630527484860818
-3 0,587446166403742
-3 0,544364847946666
-3 0,50128352948959
-3 0,458202211032514
-3 0,415120892575438
-3 0,372039574118362
-3 0,328958255661286
-3 0,28587693720421
-3 0,242795618747134
-3 0,199714300290058
-3 0,156632981832982
-3 0,113551663375906
-3 0,0704703449188299
-3 0,0273890264617539
-3 0
-2,96953690757654 0,0304630924234556
-2,93907381515309 0,0609261848469113
-2,90861072272963 0,0913892772703669
-2,87814763030618 0,121852369693823
-2,84768453788272 0,152315462117278
-2,81722144545927 0,182778554540734
-2,78675835303581 0,213241646964189
-2,75629526061235 0,243704739387645
-2,7258321681889 0,274167831811101
-2,69536907576544 0,304630924234556
-2,66490598334199 0,335094016658012
-2,63444289091853 0,365557109081468
-2,60397979849508 0,396020201504923
-2,57351670607162 0,426483293928379
-2,54305361364817 0,456946386351834
-2,51259052122471 0,48740947877529
-2,48212742880125 0,517872571198746
-2,4516643363778 0,548335663622201
-2,42120124395434 0,578798756045657
-2,39073815153089 0,609261848469113
-2,36027505910743 0,639724940892568
-2,32981196668398 0,670188033316024
-2,29934887426052 0,70065112573948
-2,26888578183706 0,731114218162935
-2,23842268941361 0,761577310586391
-2,20795959699015 0,792040403009846
-2,1774965045667 0,822503495433302
-2,14703341214324 0,852966587856758
-2,11657031971979 0,883429680280213
-2,08610722729633 0,913892772703669
-2,05564413487288 0,944355865127125
-2,02518104244942 0,97481895755058
-2 1
-2 0,956918681542924
-2 0,913837363085848
-2 0,870756044628772
-2 0,827674726171696
-2 0,78459340771462
-2 0,741512089257544
-2 0,698430770800468
-2 0,655349452343392
-2 0,612268133886316
-2 0,56918681542924
-2 0,526105496972164
-2 0,483024178515088
-2 0,439942860058012
-2 0,396861541600936
-2 0,35378022314386
-2 0,310698904686784
-2 0,267617586229707
-2 0,224536267772631
-2 0,181454949315555
-2 0,138373630858479
-2 0,0952923124014034
-2 0,0522109939443273
-2 0,00912967548725131
-2 -0,0339516429698247
-2 -0,0770329614269007
-2 -0,120114279883977
-2 -0,163195598341053
-2 -0,206276916798129
-2 -0,249358235255205
-2 -0,292439553712281
-2 -0,335520872169357
-2 -0,378602190626433
-2 -0,421683509083509
-2 -0,464764827540585
-2 -0,507846145997661
-2 -0,550927464454737
-2 -0,594008782911813
-2 -0,637090101368889
-2 -0,680171419825965
-2 -0,723252738283041
-2 -0,766334056740117
-2 -0,809415375197193
-2 -0,852496693654269
-2 -0,895578012111345
-2 -0,938659330568421
-2 -0,981740649025497
-2 -1,02482196748257
-2 -1,06790328593965
-2 -1,11098460439673
-2 -1,1540659228538
-2 -1,19714724131088
-2 -1,24022855976795
-2 -1,28330987822503
-2 -1,32639119668211
-2 -1,36947251513918
-2 -1,41255383359626
-2 -1,45563515205333
-2 -1,49871647051041
-2 -1,54179778896749
-2 -1,58487910742456
-2 -1,62796042588164
-2 -1,67104174433871
-2 -1,71412306279579
-2 -1,75720438125287
-2 -1,80028569970994
-2 -1,84336701816702
-2 -1,88644833662409
-2 -1,92952965508117
-2 -1,97261097353825
-2 -2,01569229199532
-2 -2,0587736104524
-2 -2,10185492890947
-2 -2,14493624736655
-2 -2,18801756582363
-2 -2,2310988842807
-2 -2,27418020273778
-2 -2,31726152119485
-2 -2,36034283965193
-2 -2,40342415810901
-2 -2,44650547656608
-2 -2,48958679502316
-2 -2,53266811348023
-2 -2,57574943193731
-2 -2,61883075039439
-2 -2,66191206885146
-2 -2,70499338730854
-2 -2,74807470576561
-2 -2,79115602422269
-2 -2,83423734267977
-2 -2,87731866113684
-2 -2,92039997959392
-2 -2,96348129805099
-2 -3
-2,03853310265214 -2,98073344867393
-2,07706620530427 -2,96146689734786
-2,11559930795641 -2,9422003460218
-2,15413241060854 -2,92293379469573
-2,19266551326068 -2,90366724336966
-2,23119861591281 -2,88440069204359
-2,26973171856495 -2,86513414071753
-2,30826482121708 -2,84586758939146
-2,34679792386922 -2,82660103806539
-2,38533102652135 -2,80733448673932
-2,42386412917349 -2,78806793541326
-2,46239723182562 -2,76880138408719
-2,50093033447776 -2,74953483276112
-2,53946343712989 -2,73026828143505
-2,57799653978203 -2,71100173010898
-2,61652964243417 -2,69173517878292
-2,6550627450863 -2,67246862745685
-2,69359584773844 -2,65320207613078
-2,73212895039057 -2,63393552480471
-2,77066205304271 -2,61466897347865
-2,80919515569484 -2,59540242215258
-2,84772825834698 -2,57613587082651
-2,88626136099911 -2,55686931950044
-2,92479446365125 -2,53760276817438
-2,96332756630338 -2,51833621684831
-3,00186066895552 -2,49906966552224
-3,04039377160765 -2,47980311419617
-3,07892687425979 -2,46053656287011
-3,11745997691192 -2,44127001154404
-3,15599307956406 -2,42200346021797
-3,1945261822162 -2,4027369088919
-3,23305928486833 -2,38347035756583
-3,27159238752047 -2,36420380623977
-3,3101254901726 -2,3449372549137
-3,34865859282474 -2,32567070358763
-3,38719169547687 -2,30640415226156
-3,42572479812901 -2,2871376009355
-3,46425790078114 -2,26787104960943
-3,50279100343328 -2,24860449828336
-3,54132410608541 -2,22933794695729
-3,57985720873755 -2,21007139563123
-3,61839031138968 -2,19080484430516
-3,65692341404182 -2,17153829297909
-3,69545651669396 -2,15227174165302
-3,73398961934609 -2,13300519032695
-3,77252272199823 -2,11373863900089
-3,81105582465036 -2,09447208767482
-3,8495889273025 -2,07520553634875
-3,88812202995463 -2,05593898502268
-3,92665513260677 -2,03667243369662
-3,9651882352589 -2,01740588237055
-4 -2
-3,96953690757654 -2,03046309242346
-3,93907381515309 -2,06092618484691
-3,90861072272963 -2,09138927727037
-3,87814763030618 -2,12185236969382
-3,84768453788272 -2,15231546211728
-3,81722144545927 -2,18277855454073
-3,78675835303581 -2,21324164696419
-3,75629526061235 -2,24370473938765
-3,7258321681889 -2,2741678318111
-3,69536907576544 -2,30463092423456
-3,66490598334199 -2,33509401665801
-3,63444289091853 -2,36555710908147
-3,60397979849508 -2,39602020150492
-3,57351670607162 -2,42648329392838
-3,54305361364817 -2,45694638635183
-3,51259052122471 -2,48740947877529
-3,48212742880125 -2,51787257119875
-3,4516643363778 -2,5483356636222
-3,42120124395434 -2,57879875604566
-3,39073815153089 -2,60926184846911
-3,36027505910743 -2,63972494089257
-3,32981196668398 -2,67018803331602
-3,29934887426052 -2,70065112573948
-3,26888578183706 -2,73111421816294
-3,23842268941361 -2,76157731058639
-3,20795959699015 -2,79204040300985
-3,1774965045667 -2,8225034954333
-3,14703341214324 -2,85296658785676
-3,11657031971979 -2,88342968028021
-3,08610722729633 -2,91389277270367
-3,05564413487288 -2,94435586512712
-3,02518104244942 -2,97481895755058
-2,99471795002596 -3,00528204997404
-2,96425485760251 -3,03574514239749
-2,93379176517905 -3,06620823482095
-2,9033286727556 -3,0966713272444
-2,87286558033214 -3,12713441966786
-2,84240248790869 -3,15759751209131
-2,81193939548523 -3,18806060451477
-2,78147630306177 -3,21852369693823
-2,75101321063832 -3,24898678936168
-2,72055011821486 -3,27944988178514
-2,69008702579141 -3,30991297420859
-2,65962393336795 -3,34037606663205
-2,6291608409445 -3,3708391590555
-2,59869774852104 -3,40130225147896
-2,56823465609759 -3,43176534390241
-2,53777156367413 -3,46222843632587
-2,50730847125067 -3,49269152874933
-2,47684537882722 -3,52315462117278
-2,44638228640376 -3,55361771359624
-2,41591919398031 -3,58408080601969
-2,38545610155685 -3,61454389844315
-2,3549930091334 -3,6450069908666
-2,32452991670994 -3,67547008329006
-2,29406682428648 -3,70593317571352
-2,26360373186303 -3,73639626813697
-2,23314063943957 -3,76685936056043
-2,20267754701612 -3,79732245298388
-2,17221445459266 -3,82778554540734
-2,14175136216921 -3,85824863783079
-2,11128826974575 -3,88871173025425
-2,08082517732229 -3,91917482267771
-2,05036208489884 -3,94963791510116
-2,01989899247538 -3,98010100752462
-2 -4
-1,95691868154292 -4
-1,91383736308585 -4
-1,87075604462877 -4
-1,8276747261717 -4
-1,78459340771462 -4
-1,74151208925754 -4
-1,69843077080047 -4
-1,65534945234339 -4
-1,61226813388632 -4
-1,56918681542924 -4
-1,52610549697216 -4
-1,48302417851509 -4
-1,43994286005801 -4
-1,39686154160094 -4
-1,35378022314386 -4
-1,31069890468678 -4
-1,26761758622971 -4
-1,22453626777263 -4
-1,18145494931556 -4
-1,13837363085848 -4
-1,0952923124014 -4
-1,05221099394433 -4
-1,00912967548725 -4
-0,966048357030175 -4
-0,922967038573099 -4
-0,879885720116023 -4
-0,836804401658947 -4
-0,793723083201871 -4
-0,750641764744795 -4
-0,707560446287719 -4
-0,664479127830643 -4
-0,621397809373567 -4
-0,578316490916491 -4
-0,535235172459415 -4
-0,492153854002339 -4
-0,449072535545263 -4
-0,405991217088187 -4
-0,362909898631111 -4
-0,319828580174035 -4
-0,276747261716959 -4
-0,233665943259883 -4
-0,190584624802807 -4
-0,147503306345731 -4
-0,104421987888655 -4
-0,0613406694315786 -4
-0,0182593509745026 -4
0,0248219674825734 -4
0,0679032859396494 -4
0,110984604396725 -4
0,154065922853801 -4
0,197147241310878 -4
0,240228559767954 -4
0,28330987822503 -4
0,326391196682106 -4
0,369472515139182 -4
0,412553833596258 -4
0,455635152053334 -4
0,49871647051041 -4
0,541797788967486 -4
0,584879107424562 -4
0,627960425881638 -4
0,671041744338714 -4
0,71412306279579 -4
0,757204381252866 -4
0,800285699709942 -4
0,843367018167018 -4
0,886448336624094 -4
0,92952965508117 -4
0,972610973538246 -4
1 -4
1,02389721580178 -3,96415417629733
1,04779443160356 -3,92830835259466
1,07169164740535 -3,89246252889198
1,09558886320713 -3,85661670518931
1,11948607900891 -3,82077088148664
1,14338329481069 -3,78492505778397
1,16728051061247 -3,74907923408129
1,19117772641425 -3,71323341037862
1,21507494221603 -3,67738758667595
1,23897215801782 -3,64154176297327
1,2628693738196 -3,6056959392706
1,28676658962138 -3,56985011556793
1,31066380542316 -3,53400429186526
1,33456102122494 -3,49815846816259
1,35845823702672 -3,46231264445991
1,38235545282851 -3,42646682075724
1,40625266863029 -3,39062099705457
1,43014988443207 -3,3547751733519
1,45404710023385 -3,31892934964922
1,47794431603563 -3,28308352594655
1,50184153183741 -3,24723770224388
1,5257387476392 -3,21139187854121
1,54963596344098 -3,17554605483853
1,57353317924276 -3,13970023113586
1,59743039504454 -3,10385440743319
1,62132761084632 -3,06800858373052
1,6452248266481 -3,03216276002784
1,66912204244989 -2,99631693632517
1,69301925825167 -2,9604711126225
1,71691647405345 -2,92462528891983
1,74081368985523 -2,88877946521715
1,76471090565701 -2,85293364151448
1,78860812145879 -2,81708781781181
1,81250533726058 -2,78124199410914
1,83640255306236 -2,74539617040646
1,86029976886414 -2,70955034670379
1,88419698466592 -2,67370452300112
1,9080942004677 -2,63785869929845
1,93199141626948 -2,60201287559577
1,95588863207127 -2,5661670518931
1,97978584787305 -2,53032122819043
2,00368306367483 -2,49447540448776
2,02758027947661 -2,45862958078508
2,05147749527839 -2,42278375708241
2,07537471108017 -2,38693793337974
2,09927192688196 -2,35109210967707
2,12316914268374 -2,31524628597439
2,14706635848552 -2,27940046227172
2,1709635742873 -2,24355463856905
2,19486079008908 -2,20770881486638
2,21875800589086 -2,1718629911637
2,24265522169265 -2,13601716746103
2,26655243749443 -2,10017134375836
2,29044965329621 -2,06432552005569
2,31434686909799 -2,02847969635301
2,33824408489977 -1,99263387265034
2,36214130070155 -1,95678804894767
2,38603851650334 -1,920942225245
2,40993573230512 -1,88509640154232
2,4338329481069 -1,84925057783965
2,45773016390868 -1,81340475413698
2,48162737971046 -1,77755893043431
2,50552459551224 -1,74171310673163
2,52942181131403 -1,70586728302896
2,55331902711581 -1,67002145932629
2,57721624291759 -1,63417563562362
2,60111345871937 -1,59832981192094
2,62501067452115 -1,56248398821827
2,64890789032293 -1,5266381645156
2,67280510612472 -1,49079234081293
2,6967023219265 -1,45494651711025
2,72059953772828 -1,41910069340758
2,74449675353006 -1,38325486970491
2,76839396933184 -1,34740904600224
2,79229118513362 -1,31156322229956
2,81618840093541 -1,27571739859689
2,84008561673719 -1,23987157489422
2,86398283253897 -1,20402575119155
2,88788004834075 -1,16817992748887
2,91177726414253 -1,1323341037862
2,93567447994431 -1,09648828008353
2,9595716957461 -1,06064245638086
2,98346891154788 -1,02479663267818
