0,707106781186547 2,43432790251269E-16
0,577350269189626 -1,32508027283905E-15
0,707106781186548 -1,46059674150762E-15
0,774596669241484 -1,70667046985016E-15
0,816496580927727 -1,40538782819637E-15
0,845154254728521 -4,48914044626187E-15
0,86602540378443 -4,17400285944299E-15
0,881917103688202 -4,31740223013206E-15
0,894427190999904 -3,87971722374859E-15
0,904534033733304 -7,36080537984435E-15
0,912870929175283 -7,49055374106136E-15
0,919866211007776 -7,01672822111557E-15
0,92582009977258 -2,9593472249024E-15
0,930949336251275 -1,01711760113647E-14
0,935414346693442 -1,9321878718902E-14
0,939336436627702 0
0,942809041582131 -9,81094829258383E-15
0,945905302926924 -2,4678033767745E-14
0,948683298050394 -1,30325549759141E-14
0,951189731211487 0
0,953462589245497 -1,25318233808488E-14
0,955533085905981 -3,02053324628922E-14
0,957427107756286 -1,57923340167181E-14
0,959166304662535 -1,58485361152605E-14
0,960768922830535 -1,52619349925689E-14
0,962250448649481 -3,57273054490026E-14
0,963624111659214 -1,2844992323897E-15
0,964901281354111 0
0,966091783079366 -3,7298859592507E-14
0,967204151649451 -2,58778485315514E-15
0,96824583655155 -1,29663521299456E-15
0,969223369195367 0
0,970142500145284 -4,27754758617802E-14
0,971008312455117 -4,28507193122729E-14
0,971825315807505 -1,30609332419108E-15
0,972597525159521 -4,82216501552979E-14
0,973328526784559 -4,82931696528117E-14
0,974021534010981 1,31192197315787E-15
0,97467943448158 -5,36544775208925E-14
0,975304830396116 0
0,975900072948655 0
0,976467291870912 -5,5813783002886E-14
0,977008420918348 6,4700014285967E-16
0,977525219906852 -1,32126092563101E-15
0,978019293844646 -5,92827869878131E-14
0,978492109579435 -6,48944554048772E-16
0,978945010373178 -6,27194823554448E-14
0,979379228628407 -6,47508800214315E-14
0,979795897112987 0
0,980196058820059 -6,81397917125431E-14
0,980580675690874 6,77756658036746E-16
0,980950636343785 -1,30435231540792E-15
0,981306762925243 -1,41911186644662E-13
0,981649817214163 -6,79221289853907E-16
0,981980506061605 -6,79674785337406E-16
0,98229948625835 -2,66813341487891E-15
0,982607368880559 0
0,982904723213444 -1,56355087490395E-13
0,983192080249291 6,81338237377774E-16
0,98346993586833 -1,31100029636223E-15
0,983738753674688 -1,3117111557966E-15
0,983998967608969 -6,29951778486633E-16
0,984250984252131 -1,68755305801623E-13
0,984495184969752 -1,71518370219439E-13
0,984731927835237 0
0,984961549365214 0
0,985184366145795 -1,99961909600385E-15
0,98540067624978 7,37022915483749E-16
0,985610760609001 -1,85913732450638E-13
0,985814884202055 1,36989943887327E-15
0,986013297182903 -7,37933008578572E-16
0,986206235899455 -6,32759835046402E-16
0,986393923832024 0
0,986576572464004 -1,98412658931554E-13
0,986754382065267 -2,03129067916728E-13
0,986927542440245 6,33679503159645E-16
0,987096233583886 -1,26778945892031E-15
0,98726062633338 -1,37389313607644E-15
0,987420882905628 -6,34309090844329E-16
0,781055529153522 0
1,20332807283619 -0,359870182701574
0,972673423029346 0,246023969227473
1,00412081218453 -0,0411847553174857
0,996843094950437 0,0338931454264709
0,995302803834159 0,00188459503226691
0,993923450170645 0,00867543046642886
0,993194979034917 0,00422117307185819
0,992680175234245 0,00425826279682392
0,992331522802684 0,00324904713236095
0,99208038914817 0,00285558999652808
0,99189910881791 0,00243453003106848
0,991766955749416 0,00214348640126376
0,991671332722775 0,00189555285164883
0,991603317271816 0,00169672196712158
0,991556679083741 0,00152948189479383
0,991526854952151 0,00138871756249031
0,991510450844352 0,00126824274321474
0,991504882729295 0,00116428562617085
0,991508151442725 0,00107370936632829
0,991518685964812 0,000994189600268838
0,991535235453695 0,000923876845866449
0,991556792186261 0,000861315393439555
0,99158253581707 0,000805333856574738
0,991611792260551 0,000754983377360671
0,991644003025296 0,000709486428628716
0,99167870184924 0,00066820055832684
0,991715496893101 0,000630590414292355
0,991754056803127 0,000596206527656654
0,99179409985646 0,000564668897154191
0,991835385319647 0,000535654162138181
0,991877706551442 0,00050888551270009
0,991920885483718 0,000484124664142789
0,991964768079594 0,000461165423350003
0,992009220632303 0,000439828495995074
0,992054126820595 0,000419957285237543
0,992099385079638 0,000401414400341722
0,992144906588951 0,000384078850764204
0,992190613526805 0,000367843672462578
0,992236437514533 0,000352613948572814
0,99228231847787 0,000338305207232296
0,992328203486317 0,000324841985397303
0,992374045957701 0,000312156715646547
0,992419804757001 0,000300188679011718
0,992465443642904 0,000288883200155348
0,843846543828975 0,000185806697723939
0,45337753292521 -1,08656539530634
0,453530024190334 1,09716536662045
1,55890957571011 0,237194012992621
1,28638113005905 0,273749931763011
1,23082608468659 0,122943768356782
1,18080697794188 0,0959534511853656
1,15018665743141 0,0667450803218069
1,12781313971022 0,052729950106675
1,11129463149106 0,0419741261032919
1,09851327189804 0,0347497053104498
1,08837890655608 0,0292764069205678
1,08015170300447 0,025136430926156
1,07335241162833 0,0218777667772687
1,06764737874055 0,0192719681222859
1,0628003099884 0,0171460518809275
1,05863848445837 0,0153868170171203
1,05503301740124 0,0139116962523692
1,05188573849674 0,0126612322669917
1,04912057741601 0,0115910101354511
1,04667765544462 0,0106674789961256
1,04450917067421 0,00986480939375175
1,04257646445116 0,00916285376862159
1,0408478945127 0,00854568313600796
1,03929726725639 0,00800055558878345
1,03790266594235 0,00751716415661658
1,03664556369485 0,00708708423185327
1,0355101451118 0,00670336017188916
1,03448278262734 0,00636019315304474
1,03355162954564 0,00605270240896292
1,03270630196171 0,00577674128987239
1,03193762918402 0,00552875441478933
1,03123745738641 0,00530566617301959
1,03059849481598 0,00510479342818665
1,03001418956377 0,00492377697256903
1,02947863279376 0,00476052772069977
1,02898648175108 0,00461318447876607
1,02853289808479 0,00448008067279612
1,02811349775917 0,00435971830771264
1,02772430972833 0,00425074721494095
1,02736174097193 0,00415194868074406
1,0270225462091 0,00406222204667652
1,02670380083721 0,00398057378568478
1,02640287619287 0,00390610817745171
1,02611741640403 0,00383801922815633
1,02584531644423 0,00377558340100222
1,02558470109679 0,00371815299657313
1,02533390476876 0,0036651498844234
1,025091452095 0,0036160596293246
1,0248560394346 0,00357042584962291
1,02462651725407 0,0035278448448106
1,02440187355943 0,00348796049424416
1,02418121838403 0,00345045939307984
1,02396376941445 0,0034150663061925
1,02374883877978 0,00338153992178772
1,02353582100396 0,00334966887331969
1,02332418211517 0,00331926816966728
1,02311344985745 0,00329017582930635
1,02290320498608 0,00326224994728818
1,0226930735505 0,00323536594070845
1,02248272010769 0,00320941419184228
1,02227184180288 0,00318429788177903
1,02206016322595 0,0031599310816481
1,02184743197064 0,00313623711920941
0,502183111193532 0,000691337643955718
1,87580580606832 0,793569580308709
0,988393178314196 -0,332628939637068
1,04140135359607 0,0582116391015695
1,0274812342953 -0,041215877157811
1,02309106927145 0,000341242644551435
1,01957351913745 -0,00830433241981561
1,01724271378969 -0,0027818402651807
1,01542501859258 -0,00289075868028485
1,01396788728856 -0,00173140777467609
1,0127473938416 -0,00132710169052552
1,0116996120613 -0,000894073776153045
1,01078136344718 -0,000616725430459225
1,00996416681718 -0,000390303426016473
1,00922790305945 -0,000220394361393
1,00855799684528 -8,58899847724687E-5
1,00794355528475 1,96376226909773E-5
1,00737624577318 0,000103570850090445
1,00684955973253 0,000170390081360589
1,00635832100678 0,000223745371123275
1,00589834721797 0,000266303220326333
1,00546621090844 0,000300150075617561
1,00505906749808 0,000326901892314841
0,602506206125986 0,000109406654010611
0,872511389881088 1,41787750267795
0,667695750380008 -0,959786697869872
1,32771456280254 0,0117892641135932
1,16621851836116 -0,162146229781826
1,13301212862479 -0,0516685869073758
1,10465849361045 -0,0516098225607163
1,08820182197081 -0,033595378686685
1,07637073030097 -0,0279160115080408
1,06787993773564 -0,0221877534457539
1,06146813989114 -0,0187157561305495
1,05652810015814 -0,015963564442981
1,05263611746906 -0,0139453474710594
1,04951956553354 -0,0123670401102367
1,04698575799158 -0,0111348495131829
1,04489694267126 -0,010152078570729
1,04315122231324 -0,00936105861413094
1,04167198194309 -0,00871642762525947
1,04040071030651 -0,00818565631166502
1,03929229900179 -0,00774382056295789
1,03831174258707 -0,00737198867338352
1,03743177633723 -0,00705551870462388
1,03663112450662 -0,00678305879866218
1,0358931736962 -0,00654575707465593
1,0352049497558 -0,0063366963098432
1,03455632022989 -0,00615045857460956
1,03393936871708 -0,00598279323789093
1,03334790304943 -0,00583035894386902
1,03277706886256 -0,00569052282848205
1,03222304667344 -0,00556120376427317
1,03168281525058 -0,00544074995310205
1,03115396742115 -0,00532784342662137
1,0306345673665 -0,00522142572080718
1,03012304042264 -0,00512063997130016
1,02961808838876 -0,00502478605448317
1,02911862465735 -0,00493328568116176
1,02862372476477 -0,00484565544199538
1,02813258885626 -0,00476148580994618
1,02764451335987 -0,00468042494362123
1,02715886974019 -0,00460216598752809
1,02667508881367 -0,00452643745754114
1,02619264917857 -0,00445299534266098
1,02571106908156 -0,00438161749427435
1,02522990070551 -0,00431209869359626
1,02474872659322 -0,004244247354669
1,02426715755078 -0,00417788250400822
1,02378483191453 -0,00411283190375243
1,02330141573484 -0,0040489302522275
1,02281660386422 -0,0039860182345171
1,02233012164628 -0,00392394164581377
1,02184172714839 -0,0038625509686316
1,02135121378752 -0,00380170121452473
1,02085841328027 -0,00374125201131259
1,02036319875364 -0,00368106790194602
1,01986548794894 -0,0036210188063248
1,01936524643886 -0,0035609808084691
1,01886249064857 -0,00350083685634582
1,01835729068586 -0,00344047783570743
1,01784977278003 -0,00337980359896288
1,0173401212055 -0,00331872405126258
1,01682857964445 -0,00325716039487262
1,01631545179049 -0,00319504622276552
1,01580110114217 -0,00313232862991033
1,01528594987939 -0,00306896922475882
1,01477047675072 -0,00300494493751418
1,01425521399515 -0,00294024877710051
1,01374074314473 -0,00287489012944595
1,0132276898933 -0,00280889501327638
1,01271671801559 -0,0027423059369345
1,01220852235287 -0,0026751813744652
1,01170382119906 -0,00260759512366164
1,01120334799888 -0,00253963510582786
1,01070784271614 -0,00247140204994527
1,01021804304431 -0,00240300789872741
1,00973467555081 -0,00233457381917552
1,00925844713681 -0,00226622830546887
1,0087900369196 -0,0021981049778335
1,0083300887023 -0,00213034037507776
1,0078792042238 -0,00206307176426326
1,00743793740867 -0,00199643507997285
1,00700678950412 -0,00193056284215634
1,00658620536939 -0,00186558237540706
1,00617657086755 -0,00180161421192028
1,00577821126029 -0,00173877062685837
1,00539139073374 -0,00167715457673289
1,00501631289961 -0,00161685886743747
1,00465312203745 -0,00155796537216943
1,00430190534004 -0,00150054493666228
1,00396269559237 -0,00144465698879971
1,00363547451902 -0,00139034981501663
1,00332017652835 -0,00133766075808486
1,00301669268989 -0,00128661664289041
1,00272487494183 -0,00123723433319091
1,0024445403553 -0,00118952139042819
1,00217547547942 -0,00114347687648984
1,00191744039394 -0,00109909191286358
1,00167017289375 -0,00105635077284368
1,00143339225451 -0,00101523142343178
1,00120680287421 -0,000975706472895016
1,00099009764711 -0,000937743875991707
1,00078296099908 -0,000901307646255781
0,851610435769338 0,52610047642017
0,938337651146045 -0,482387394835507
1,06359923195069 0,0721549189006276
1,03492334530615 -0,0655029787785739
1,02872749237007 -0,00639184832465084
1,02331560046651 -0,0173294208698878
1,02033870477254 -0,00915547156501111
1,01818450527513 -0,00886687047287938
1,01664965533026 -0,00696075619724471
1,01547600545106 -0,00615571351490558
1,01455542210879 -0,00536150873265762
1,01380888008472 -0,00481423674036747
1,01318819346402 -0,00436209255648067
1,0126595906567 -0,00400608766940539
1,01219968310886 -0,0037129734097505
1,0117915529677 -0,00347065432819703
1,01142280858026 -0,0032666168147616
1,01108419811168 -0,00309288198995846
1,01076873770749 -0,00294303705496084
1,01047110555571 -0,00281232481701566
1,01018722407661 -0,0026970190970692
1,00991396103242 -0,00259421924300356
1,00964891261978 -0,00250162843130868
1,00939024263922 -0,00241741941646098
1,0091365612307 -0,00234012696548098
1,00888683195858 -0,00226857135799707
1,00864029942347 -0,00220179868925054
1,00839643220534 -0,00213903618816634
1,00815487719486 -0,00207965699547113
1,00791542275265 -0,00202315261552872
1,0076779686099 -0,00196911096475942
1,00744250118182 -0,00191719895976876
1,00720907318822 -0,00186714805610355
1,00697778672937 -0,00181874260909203
1,00674877934555 -0,00177181055845108
1,00652221240636 -0,00172621499901339
1,00629826160568 -0,00168184810971445
1,00607710917608 -0,0016386252805406
1,00585893759346 -0,0015964806660957
1,0056439245618 -0,0015553635059909
1,00543223908764 -0,00151523457216365
1,00522403853766 -0,00147606404086035
1,00501946642515 -0,0014378288185628
1,00481865095072 -0,00140051107030893
1,00462170409451 -0,00136409671824301
1,00442872116231 -0,00132857411504325
1,00423978073184 -0,00129393326175868
1,00405494500104 -0,00126016514005823
1,00387426020085 -0,0012272608131779
1,00369775741044 -0,00119521142698634
1,00352545337057 -0,0011640076266539
1,00335735146674 -0,00113363945297077
1,00319344272703 -0,00110409613657876
1,00303370691169 -0,00107536612223353
1,00287811358301 -0,00104743704416703
1,00272662309925 -0,00102029551271098
1,00257918774059 -0,000993927587828921
1,00243575260077 -0,00096831838385913
1,0022962566175 -0,000943452506776728
1,00216063335835 -0,000919313864021598
1,00202881195928 -0,00089588599689636
1,00190071776853 -0,000873151934382411
1,00177627316281 -0,000851094549143085
1,00165539808188 -0,00082969629725334
1,00153801072855 -0,000808939747786045
1,00142402796065 -0,000788807162286288
1,00131336587034 -0,000769281010537947
0,286616948479849 -7,71803105276764E-5
2,9691951435451 1,8389994816785
0,93870497000144 -0,482354617904226
1,06370873145987 0,0724049473118829
1,03502229897877 -0,0652300413561321
1,02874519110043 -0,00610715595243991
1,02330257667393 -0,0170219377819227
1,02029866286239 -0,00883200879886695
1,01813452611438 -0,00852633184689885
1,0166005683059 -0,00660517447458764
1,01543963170626 -0,00578626438327115
1,01454236330949 -0,00497975242761146
1,0138294189048 -0,00442171371182168
1,0132520682687 -0,00396041510195666
1,01277611213272 -0,00359689913661663
1,0123777105028 -0,00329794380990504
1,01203950154366 -0,0030514685230937
1,01174863609595 -0,00284496497330426
1,01149539196233 -0,00267044943889499
1,01127229810391 -0,00252149463571051
1,01107352849899 -0,00239331890860306
1,01089448461497 -0,00228216189864961
1,01073149789063 -0,00218507921574349
1,01058161499709 -0,00209972117740077
1,0104424397899 -0,00202419861575281
1,01031201527054 -0,00195697662580161
1,01018873429845 -0,00189679784746498
1,01007127102884 -0,001842624530887
1,00995852778181 -0,0017935941227007
1,00984959337827 -0,00174898531513705
1,00974371006369 -0,00170819157469692
1,00964024716205 -0,00167070026839755
1,00953867978411 -0,00163607617544504
1,00943857149434 -0,00160394831317898
1,00933956016669 -0,00157399931275462
1,00924134631021 -0,0015459567380338
1,00914368332482 -0,00151958611326899
1,00904636948775 -0,00149468506907213
1,00894924109919 -0,00147107848451562
1,00885216681302 -0,00144861467422893
1,0087550427526 -0,0014271618160259
1,00865778845798 -0,00140660526178102
1,00856034329966 -0,00138684526184688
1,00846266358807 -0,00136779459100188
1,00836471991077 -0,00134937739806903
1,00826649499787 -0,00133152707583565
1,00816798181433 -0,0013141856540961
1,0080691819267 -0,00129730217732363
1,00797010411473 -0,00128083214367462
1,00787076316355 -0,00126473651638968
1,00777117882826 -0,00124898110364221
0,980609492704714 0,232118806760929
0,998596753502819 -0,195423466562426
1,01823797240644 0,0329914192418782
1,0140167020016 -0,0266939351962239
1,01320593007177 -0,00166650304331343
1,01246076207318 -0,00709215779001923
1,0120915873459 -0,00372189734839126
1,01183289697155 -0,00381313842249311
1,01166080465582 -0,00309417277840407
1,01153504740527 -0,00283772447788045
1,01144086740808 -0,00255677368906598
1,01136691078299 -0,00236998149631497
1,01130665194543 -0,00221288286904846
1,01125553684649 -0,00208998008493402
1,01121051377269 -0,001988546749153
1,01116941761245 -0,00190491222385437
1,01113070266716 -0,00183466302322108
1,01109324014675 -0,00177513187813478
1,01105619699706 -0,00172411922318761
1,01101895147128 -0,00168000911227338
1,01098103631372 -0,00164152718859022
1,01094209889379 -0,00160767918875726
1,01090187272057 -0,00157767239065529
1,01086015702517 -0,00155087056965798
1,01081680169114 -0,00152675730960913
1,01077169607849 -0,00150491005575541
1,0107247606462 -0,00148498021775397
1,01067594058565 -0,00146667810746292
1,01062520089442 -0,00144976152688094
1,01057252265613 -0,00143402665265003
1,01051790003589 -0,00141930105056129
1,01046133797232 -0,00140543821070987
1,01040285035871 -0,00139231303130611
1,01034245850648 -0,0013798182976467
1,01028019002012 -0,00136786186819355
1,01021607778523 -0,00135636425587242
1,01015015917525 -0,00134525676563457
1,01008247539693 -0,00133447995002981
1,01001307093011 -0,001323982270971
1,00994199303751 -0,00131371894679186
1,00986929138884 -0,00130365122641714
1,00979501765203 -0,00129374538696627
1,00971922524233 -0,00128397229938925
1,00964196895339 -0,00127430671141535
0,856317702701225 -0,000838602505357452
0,447210030206188 -1,08911179230435
0,45663069031167 1,10008200741355
1,56114941468021 0,237978669918448
1,28922910365032 0,272583653943039
1,23289906502789 0,122207549275073
1,1825233913874 0,0951911751248657
1,15154874569189 0,0661323073459432
1,12887300685491 0,0521933125425897
1,11206873207556 0,0415193162760886
1,09901324721284 0,0343587393677672
1,08860913596171 0,0289416722405797
1,08011281529738 0,024849144753495
1,07304203621106 0,0216312110052691
1,06706099161525 0,0190600051397833
1,06193170204263 0,0169632646632725
1,05748013034884 0,01522820618971
1,05357635252812 0,0137725817771605
1,05012139083079 0,0125371377200596
1,04703857057695 0,0114775891148556
1,04426759691787 0,010560457527951
1,04176043245044 0,00975994671723047
1,03947836103379 0,00905591754069663
1,03738986043571 0,00843243714463345
1,03546903487523 0,00787675881569629
1,03369444254246 0,00737857978652379
1,03204820642568 0,0069294974286949
1,03051533057091 0,00652260343750927
1,02908316832713 0,00615217801425651
1,02774100312622 0,00581345569912847
1,02647971478417 0,00550244473425998
1,02529151026258 0,00521578549043644
0,804673622463344 0,00275921561426618
0,476058174826465 1,17285910037317
0,458340063131185 -1,10158060340927
1,56140462108616 -0,238914079491298
1,28974899895165 -0,272139255633081
1,23295124456815 -0,12210792136987
1,18231375899877 -0,0950750022857945
1,15108495718939 -0,0660983152105836
1,12817387330629 -0,0521935337290026
1,11113627741632 -0,0415525995504167
1,09784414179729 -0,0344125104847583
1,08719552774654 -0,0290086603932058
1,0784440694799 -0,0249215627749061
1,07110570840971 -0,0217019615763217
1,06484367702261 -0,019121968025316
1,05941979135392 -0,0170092974579236
1,05466053873259 -0,0152510503693811
1,0504372425283 -0,013764891381403
1,04665288941601 -0,012491555780974
1,04323346606391 -0,0113868815737356
1,04012198957335 -0,0104176903299996
1,03727430589606 -0,00955869428774479
1,03465603793698 -0,00879048702904021
1,03224030809406 -0,00809809060128902
1,03000599253704 -0,00746991395878427
1,02793635372856 -0,00689697164795242
1,02601795306944 -0,00637228546263801
1,02423978194228 -0,00589041427234565
1,02259257134195 -0,00544707987236135
1,02106825329002 -0,00503886718212529
1,01965955321131 -0,00466298695324572
1,0183596954274 -0,00431708993624818
1,01716220420784 -0,00399912741739833
1,01606078263322 -0,00370724906745161
1,01504925200545 -0,00343973368891092
1,01412153549882 -0,00319494492807695
1,01327167114599 -0,00297130676559275
1,01249384207994 -0,00276729258843269
1,01178241436287 -0,00258142384611652
1,01113197506981 -0,00241227368004584
1,01053736630407 -0,00225847335463054
1,0099937121698 -0,00211871904090234
1,00949643770958 -0,00199177799799361
1,00904127956082 -0,00187649288477896
1,00862428926084 -0,0017717849657301
1,00824182994704 -0,00167665465223064
1,00789056792084 -0,00159018137823803
1,00756746012776 -0,00151152126103973
1,00726973886547 -0,00143990433619238
1,00699489464514 -0,00137463067321637
1,00674065798051 -0,00131506607132337
1,00650498094847 -0,00126063747966721
1,006286018812 -0,00121082830768143
1,00608211233406 -0,00116517365031516
1,00589177081763 -0,00112325591413783
1,00571365617872 -0,00108470020825361
1,00554656814133 -0,00104917053464943
1,00538943053574 -0,00101636577025707
1,00524127874097 -0,000986016191009892
1,00510124825025 -0,000957880352562127
1,00496856431671 -0,000931741976678056
1,00484253251923 -0,000907407466045791
1,00472253040358 -0,000884703385451683
1,0046079997495 -0,000863474309763037
1,00449843995688 -0,000843581033858729
1,00439340174209 -0,000824898558921134
1,00429248187678 -0,000807314888124682
1,00419531818486 -0,000790729335968153
0,287064101758374 -7,94077851893838E-5
1,32738286612876 3,22203743221032
0,456465065622538 -1,10021215446844
1,56315275932658 -0,237328209501236
1,29169576007912 -0,27235859125309
1,23584513872428 -0,121622018871335
1,18597257137858 -0,0945136458340584
1,15548480520815 -0,065357352502125
1,13331472204709 -0,0513501035350007
1,11702836564234 -0,0406216782852759
1,10451031844556 -0,033416438068032
1,09466510061446 -0,0279632748212885
1,08675249696735 -0,0238414359234412
1,08029291616534 -0,0206006974384617
1,07495326203854 -0,018012851437375
1,0704980994953 -0,015905748735676
1,06675585292453 -0,0141668331560743
1,0635989484655 -0,0127142687790496
1,0609306433612 -0,011489327333703
1,05867636077642 -0,0104483627319576
1,05677774021642 -0,0095586296086757
1,05518848032644 -0,00879515235088905
1,05387135973135 -0,00813869084554233
1,05279605762264 -0,00757428238104833
1,05193752407912 -0,00709021237070786
1,05127473390988 -0,00667726181241557
1,05078971047771 -0,00632814928186194
1,05046674055719 -0,00603710702013031
1,05029172433244 -0,00579955009884925
1,05025162047254 -0,00561180937186526
1,05033395791239 -0,00547090638310849
1,05052639478492 -0,00537435391904706
0,821423749797621 -0,00291998493526725
0,464942935951238 -1,17559572030049
0,464235702914954 1,10739453953167
1,56787026740872 0,239559878632564
1,29772233730115 0,269571413418395
1,23982976613129 0,120033302031562
1,18893085678964 0,0928830626056849
1,15742554829072 0,0641132432743534
1,13434652724016 0,0503006348013598
1,11717244057671 0,0397737503331145
1,10377073572107 0,0327211971814713
1,09302566888404 0,027397164392838
1,0841852607401 0,0233783296927539
1,07676069918088 0,0202190344674919
1,07041216772602 0,0176920244087667
1,06489919626362 0,0156262649850351
1,06004662961869 0,0139095756746133
1,05572459193829 0,0124602677507993
1,05183523088222 0,0112195545179037
1,04830398967183 0,0101436649772482
1,04507359885214 0,00919973606923475
1,04209984546412 0,00836274784836795
1,03934849779626 0,00761352971368966
1,03679300586052 0,00693732192942429
1,03441273284673 0,0063227438574381
1,0321915630245 0,00576101940691476
1,030116787552 0,00524538261383587
1,02817820747404 0,00477060872527368
1,02636741449934 0,00433263934286962
1,02467722444209 0,00392828055254485
1,02310124346767 0,00355496222250348
1,02163355060222 0,00321054903974392
1,02026847946901 0,00289319689578269
1,01900048212017 0,00260124828616407
1,01782405791556 0,00233315987281647
1,01673373059795 0,00208745688017358
1,01572405848643 0,00186270710298422
1,01478966516913 0,00165751006035052
1,01392528007421 0,00147049544476197
1,01312578127728 0,00130032791547966
1,0123862354106 0,00114571432033248
1,01170193135991 0,00100541200600418
1,01106840588522 0,00087823630994612
1,01048146155749 0,000763066600112328
1,00993717632415 0,000658850666424802
1,00943190661998 0,000564607042495119
1,00896228445728 0,000479425797287223
1,00852521007801 0,000402467786525565
1,00811784106954 0,000332962657264239
1,00773757910015 0,000270206041284856
1,00738205515728 0,000213556068975944
1,00704911381711 0,000162429416745366
1,00673679738492 0,00011629726984344
1,00644333016813 7,46810850382316E-5
1,00616710304817 3,71484684602619E-5
1,0059066591372 3,30917739680422E-6
1,00566067974177 -2,71886887042397E-5
1,00542797177164 -5,46622869142738E-5
1,00520745567829 -7,93973505944797E-5
1,00499815466659 -0,000101651297800493
1,00479918451121 -0,000121655972871398
1,00460974471704 -0,000139620390530379
1,00442910992494 -0,000155732795700333
1,00425662268513 -0,00017016314079509
1,00409168660042 -0,000183064549482505
1,00393376021205 -0,00019457549727961
1,00378235158918 -0,000204820905540066
1,003637013311 -0,00021391389994956
1,00349733814551 -0,000221956713507093
1,00336295499085 -0,000229042061194828
1,00323352537754 -0,000235253905588616
1,00310874017048 -0,000240668518816587
1,00298831686025 -0,000245355112601714
1,00287199680336 -0,000249376639190653
1,00275954307411 -0,000252790417830095
1,00265073830174 -0,000255648583500218
1,00254538277595 -0,000257998754549144
1,00244329290222 -0,000259884353464807
1,00234429955297 -0,000261345044815698
1,00224824684626 -0,000262417085736438
1,00215499079915 -0,000263133723457446
1,00206439832123 -0,00026352532560392
1,00197634624881 -0,000263619816449224
1,00189072031037 -0,000263442726076932
1,00180741451724 -0,00026301762719803
1,00172633027296 -0,000262366053339386
1,00164737582823 -0,000261507892897448
1,00157046560131 -0,000260461454794502
1,00149551975897 -0,000259243528807871
1,00142246357928 -0,00025786968412774
0,666026020223007 -9,96047475747149E-5
0,789466906700157 -1,27883943002453
0,666241828945438 0,958735312851501
1,32557979818807 -0,0115656488067128
1,16347992935631 0,162401150781067
1,12986796464558 0,0519092137863588
1,1009819732219 0,0518211643670769
1,0839678039897 0,0337343046549013
1,07153840869068 0,0279812390289524
1,06242405969464 0,0221581179664846
1,05537046986621 0,0185816368840126
1,04977969469919 0,015712069613151
1,04523693882273 0,0135673990353249
1,04147842235659 0,0118548473459835
1,03831987410574 0,0104833568649473
1,03563122553541 0,00935860497811178
1,03331729552362 0,00842547701130962
1,03130702960604 0,00764094650243438
1,02954622914938 0,00697460186331969
1,02799283476507 0,00640330434617684
1,02661368546924 0,00590955082939369
1,02538226920802 0,00547975609544786
1,02427712036184 0,00510327190988261
1,02328065968015 0,00477163006141364
1,02237833972831 0,0044780231872522
1,02155800641626 0,00421691879984302
1,02080941572308 0,0039837772087882
1,02012386295423 0,0037748391365028
1,01949389607612 0,00358696540629839
1,01891309101317 0,00341751349929479
1,01837587459011 0,00326424259773664
1,01787738351986 0,00312523892056687
1,01741335140772 0,00299885727622302
1,0169800175544 0,0028836741722163
1,01657405296442 0,00277845092717604
1,01619249975077 0,00268210354542456
1,01583272156839 0,0025936783995645
1,01549236250591 0,00251233275461124
1,01516931312901 0,00243731841870446
1,01486168191431 0,00236796876522576
1,01456777150275 0,00230368758767495
1,0142860583934 0,00224394032450257
1,01401517587962 0,00218824654338332
1,01375389913958 0,00213617348058192
1,01350113264312 0,00208733117403856
1,01325589872104 0,00204136788424165
1,01301732791207 0,00199796610358581
1,01278464989561 0,00195684005102404
1,01255718561336 0,0019177320287741
1,01233433981298 0,0018804108579744
1,01211559431233 0,00184466911185287
0,158477727616506 0,987631943955538
0,0825383451960419 -1,09681412827821
0,802706389755979 -1,56457481571981
1,30174460038885 -1,25711716353327
1,5314007012802 -0,846399940089251
1,52818513423498 -0,570217032543742
1,47831186257913 -0,400835483253209
1,42345407816981 -0,296938669328459
1,37525854085303 -0,229249938433883
1,33484166592626 -0,183074138657533
1,30126701758508 -0,150149367394477
1,27325026172811 -0,125832000088006
1,24966628150039 -0,10732656580218
1,2296143720416 -0,0928907005291252
1,21239550042058 -0,0813905832738931
1,19746980206715 -0,0720642541281373
1,18441870238225 -0,0643838689827126
1,17291497986818 -0,0579743092928918
1,1627002967161 -0,0525628389570395
1,15356855844917 -0,0479471594467015
1,14535361863271 -0,0439745229751142
1,13792014938112 -0,0405277489393043
1,1311568109897 -0,0375156475327034
1,12497109273648 -0,0348663293990693
1,11928537768529 -0,0325224450312469
1,11403390879465 -0,030437738561691
1,10916042616593 -0,0285745148961503
1,10461630824062 -0,0269017478775848
1,10035909527213 -0,0253936485736877
1,09635130711123 -0,0240285630933549
1,09255949147893 -0,0227881136231725
1,08895345703642 -0,0216565159421304
1,0855056608863 -0,0206200297598307
1,08219073016777 -0,0196665078417562
1,07898511046154 -0,0187850216583883
1,07586683832673 -0,0179655493214286
1,0728154464338 -0,0171987171914706
1,06981201149193 -0,0164755971455213
1,06683935925385 -0,0157875633493098
1,06388243442553 -0,0151262241458122
1,06092883324911 -0,0144834438438559
1,05796947190481 -0,0138514742439315
1,05499933069182 -0,0132232045379763
1,05201817273136 -0,012592524999503
1,04903109385295 -0,0119547709930679
1,04604873842841 -0,011307179327271
1,04308702720038 -0,0106492620764547
1,04016630323478 -0,00998298740671344
1,03730991031832 -0,00931268199347535
1,03454234756197 -0,00864462185111165
1,03188725371403 -0,00798635636066744
1,02936552709937 -0,00734588022775741
1,02699385516345 -0,00673080323244125
1,02478382862492 -0,00614766039420707
1,02274168445977 -0,0056014533537341
1,02086859922122 -0,00509545181996186
1,01916138124914 -0,00463122549129281
1,01761338111439 -0,00420884265684069
1,01621546090273 -0,00382716223921128
1,01495690206419 -0,0034841548278264
1,01382618123579 -0,00317720639718514
1,01281158310299 -0,00290337761354337
1,01190165155587 -0,00265960880663726
0,499003166134623 -0,000554112307793103
1,87245722263376 0,783852381487358
0,982625324952504 -0,337628740983211
1,04217275420968 0,0540470964208001
1,02906538623377 -0,0463103066164525
1,02628347463776 -0,00420614314596397
1,02363777376251 -0,0128589372696254
1,02208462047313 -0,00716303472356538
1,02084051468039 -0,00715443626101851
1,01984679639314 -0,00585931174281422
1,0189921036209 -0,00532201730822343
1,01823990470184 -0,00475424459122231
1,01756230516476 -0,00434272022845806
1,01694452576624 -0,00398356807309442
1,01637656167699 -0,00368334719890143
1,01585191512745 -0,00342179336831072
1,01536592003766 -0,00319311031732628
1,01491507712169 -0,00299040810008971
1,0144965779408 -0,0028095377692076
1,0141080536074 -0,00264705738234496
1,01374741935389 -0,00250039918261222
1,01341278670355 -0,00236748964630721
1,01310241219914 -0,00224665752835205
1,01281466850585 -0,00213651722428597
1,01254802807758 -0,0020359055200912
1,0123010538933 -0,00194383089469005
1,01207239375288 -0,00185943921914411
1,01186077683925 -0,00178198730156642
1,01166501008493 -0,00171082352138797
1,01148397595635 -0,00164537328020333
1,01131662887424 -0,00158512672360942
1,01116199232099 -0,0015296297603021
1,0110191552625 -0,00147847670230004
1,01088726886283 -0,00143130339883509
1,01076554250279 -0,00138778283237974
1,01065324031381 -0,00134761996623774
1,01054967767776 -0,00131054861250626
1,0104542173091 -0,00127632765992215
1,01036626622471 -0,00124473878072992
1,01028527214906 -0,00121558344231522
1,01021072066763 -0,00118868128137662
1,0101421321024 -0,00116386775340106
1,01007905874112 -0,00114099291124867
1,01002108248701 -0,00111991939541756
1,0099678121909 -0,00110052173336178
1,00991888160374 -0,00108268460810373
1,00987394734773 -0,0010663021693406
1,00983268678141 -0,00105127710371862
1,00979479675809 -0,00103751949426991
1,0097599913359 -0,00102494636671903
1,00972800102102 -0,00101348110467295
1,00969857090914 -0,00100305241269284
1,00967145972122 -0,000993594224974189
1,00964643854387 -0,000985045035427722
1,00962328993036 -0,000977347345253382
1,00960180697753 -0,000970447592821423
1,00958179222533 -0,000964295390322848
1,00956305720756 -0,00095884353791339
1,00954542152381 -0,00095404744949774
1,0095287124711 -0,000949865329702339
1,00951276404539 -0,000946257222396321
1,00949741688928 -0,000943185504523005
1,00948251754085 -0,000940614361613628
1,00946791813891 -0,000938509377039809
1,00945347599074 -0,000936838058960333
1,00943905333459 -0,000935568796201292
1,00942451702545 -0,000934671456589914
1,0094097383013 -0,000934116968751728
0,28787650252409 -9,48116358210059E-5
3,08033361720126 1,6659578143009
0,961498038111067 -0,425247823778376
1,0562824199007 0,0672566649664347
1,03494606622621 -0,0563169023615658
1,03023462191408 -0,00381324008838491
1,02625996837549 -0,0139704580545161
1,02413274812357 -0,00679695455496574
1,02266163456975 -0,00665748449237701
1,02167606641743 -0,00502370768800311
1,02098281255196 -0,00435634435506361
1,02049781600109 -0,00368390870222902
1,02016127801713 -0,00322310108005951
1,019936396923 -0,00284110784672789
1,01979759517838 -0,00254085893098966
1,01972715885747 -0,00229410671145657
1,01971232918453 -0,00209106226278859
1,01974378708421 -0,00192132189241029
1,01981460452897 -0,00177833179943242
1,01991957725628 -0,00165680677803994
1,02005476691537 -0,00155283673799792
1,02021718574225 -0,00146335662992554
1,02040457327348 -0,00138597768721789
1,02061523665984 -0,00131880358938925
1,02084793386058 -0,00126031868656932
1,0211017882015 -0,00120929983989893
1,02137622451303 -0,00116475360719589
1,02167092209896 -0,00112586776819567
1,02198577939087 -0,0010919754000768
1,02232088783224 -0,00106252690422169
1,02267651340332 -0,00103706851704529
1,0230530831019 -0,00101522567335425
1,02345117680346 -0,000996689760778324
1,02387152245052 -0,000981207812339636
1,02431499484497 -0,000968574401486156
1,02478261758631 -0,000958625573075301
1,02527556759262 -0,000951232796477323
1,02579518261097 -0,000946300607665613
1,02634297135569 -0,000943762177586254
1,02692062663389 -0,000943578261303066
1,02753004176731 -0,000945735093557856
1,02817332997851 -0,000950243792778742
1,02885284825097 -0,000957140280621478
1,0295712253491 -0,000966485444090742
1,03033139510979 -0,000978366047497439
1,03113663529501 -0,000992896404185085
1,03199061501114 -0,0010102206663293
1,03289744867499 -0,00103051554634279
1,0338617624234 -0,00105399434010023
1,03488877152785 -0,00108091221848982
1,03598437400246 -0,00111157130188992
1,03715526287314 -0,00114633013474396
1,03840906171599 -0,00118561156831113
1,03975448967972 -0,00122991621053502
1,04120156314017 -0,00127983730723342
1,04276184397546 -0,00133607955933876
1,04444874784856 -0,0013994848604295
1,04627792898365 -0,00147106257982298
1,04826776614601 -0,00155203120590233
1,05043998060931 -0,00164387155950883
1,05282043106818 -0,00174839676270621
1,05544014684633 -0,00186784708978904
1,05833668750383 -0,00200501700431187
1,06155595565057 -0,00216343116457094
1,06515465000628 -0,00234758926771631
1,06920363839241 -0,00256331567118513
1,07379268115359 -0,0028182664532986
1,07903718093057 -0,00312268394341622
1,08508805200834 -0,00349054702779949
1,09214653370326 -0,0039413797352954
1,10048710486648 -0,00450319214538274
1,11049419385047 -0,00521745884943588
1,12272347440833 -0,00614795409276385
1,13800941671397 -0,00739735273006474
1,15766579695944 -0,00914067964449837
1,18388904801274 -0,011698935730571
1,22065367447032 -0,0157209526373538
1,27598424524262 -0,0227095313753741
1,36895440756339 -0,0369442132426546
1,55925717591427 -0,0758950726863531
2,18856331123338 -0,310109223808898
