0,703933395367672 6,93650710173257E-5
0,573459293137453 8,51470898563531E-5
0,495501997991052 9,85432756269747E-5
0,442178959807471 0,000110426760204664
0,402726832566728 0,000121244441675175
0,371993790793637 0,000131261303738288
0,347163131805043 0,000140649698913368
0,326547628643091 0,000149529151888603
0,309066732700401 0,000157986560170144
0,293992072676247 0,000166087437385121
0,280812364170182 0,000173882621253863
0,269156701822414 0,000181412499230997
0,258748579401519 0,000188709789539079
0,249377074542184 0,000195801438652909
0,240878104844906 0,000202709955700805
0,233121842788803 0,000209454375352931
0,226004032123155 0,000216050968222632
0,219439852265026 0,000222513775225695
0,213359491649578 0,000228855016408898
0,2077048944694 0,000235085408493657
0,202427330025585 0,000241214414853441
0,197485549609827 0,000247250444698072
0,1928443701013 0,000253201013526262
0,188473572208682 0,000259072873667482
0,184347033936342 0,000264872121454088
0,180442042124512 0,000270604285939049
0,176738740360395 0,000276274402900727
0,173219682436384 0,000281887077009461
0,169869468301962 0,000287446534392557
0,166674445078079 0,000292956667350121
0,163622459819807 0,000298421072609969
0,160702653761529 0,00030384308422787
0,157905290059665 0,000309225802023869
0,155221608770792 0,000314572116274215
0,152643704116369 0,000319884729246948
0,150164420094826 0,000325166174062309
0,147777261284123 0,000330418831275159
0,145476316288602 0,000335644943508593
0,143256191764167 0,000340846628415954
0,141111955335838 0,000346025890197054
0,139039086024456 0,000351184629866879
0,137033431041828 0,000356324654438706
0,135091168009051 0,000361447685160743
0,13320877181104 0,000366555364925935
0,131382985429265 0,000371649264956201
0,129610794200147 0,000376730890847968
0,127889403033286 0,000381801688055652
0,126216216195348 0,00038686304687636
0,124588819324766 0,000391916306994274
0,123004963391876 0,000396962761632486
0,121462550360432 0,000402003661356075
0,119959620341131 0,000407040217563948
0,118494340056911 0,000412073605702102
0,117064992464529 0,000417104968228133
0,11566996739777 0,000422135417351967
0,114307753115413 0,000427166037576164
0,112976928652301 0,000432197888055727
0,111676156884747 0,000437232004795263
0,110404178232705 0,000442269402699863
0,109159804930655 0,000447311077493855
0,107941915807434 0,000452358007520059
0,106749451522379 0,00045741115543169
0,105581410211306 0,000462471469786475
0,104436843501269 0,000467539886553134
0,103314852857679 0,000472617330538281
0,102214586231479 0,000477704716741433
0,101135234977623 0,000482802951645468
0,100076031019259 0,000487912934448381
0,099036244234743 0,000493035558242892
0,098015180047047 0,000498171711148384
0,097012177197254 0,000503322277401039
0,0960266056857203 0,000508488138405769
0,0950578648661363 0,000513670173754882
0,0941053816792224 0,000518869262217114
0,0931686090140967 0,000524086282700314
0,0922470241864856 0,000529322115192533
0,0913401275240815 0,000534577641679834
0,0904474410501316 0,000539853747056748
0,0895685072573487 0,000545151320008782
0,0887028879647929 0,000550471253900854
0,0878501632512283 0,000555814447639947
0,0870099304588394 0,000561181806548077
0,0861818032619574 0,000566574243221488
0,0853654107957378 0,000571992678385314
0,0845603968402698 0,000577438041767895
0,0837664190559863 0,000582911272952078
0,0829831482665122 0,000588413322253088
0,0822102677855417 0,000593945151595167
0,0814474727845097 0,000599507735393481
0,0806944696981352 0,000605102061458046
0,0799509756651625 0,000610729131900262
0,0792167180018104 0,000616389964066024
0,0784914337056658 0,000622085591476211
0,0777748689879213 0,00062781706479182
0,0770667788319987 0,000633585452805905
0,0763669265768401 0,000639391843449856
0,075675083523125 0,000645237344834175
0,0749910285609637 0,000651123086315717
0,0743145478176314 0,000657050219592985
0,0736454343240086 0,000663019919847038
0,0729834876985758 0,00066903338689694
0,0723285138477645 0,000675091846423663
0,0716803246816976 0,000681196551207469
0,0710387378442641 0,000687348782428755
0,0704035764566988 0,000693549851016949
0,0697746688738075 0,000699801099032684
0,0691518484519823 0,000706103901134466
0,0685349533284214 0,000712459666071148
0,0679238262106982 0,000718869838267123
0,0673183141761849 0,00072533589945242
0,0667182684806578 0,000731859370372069
0,0661235443755259 0,000738441812575341
0,0655340009332056 0,000745084830275154
0,0649495008800952 0,000751790072301657
0,0643699104367254 0,000758559234139137
0,0637950991646184 0,000765394060076443
0,0632249398194987 0,000772296345428794
0,0626593082104027 0,000779267938908268
0,0620980830643681 0,000786310745083798
0,0615411458963526 0,000793426726972011
0,0609883808840586 0,000800617908767195
0,0604396747473178 0,000807886378719883
0,0598949166318077 0,000815234292130391
0,05935399799675 0,000822663874559491
0,0588168125063981 0,000830177425158158
0,0582832559249868 0,000837777320220168
0,0577532260149449 0,000845466016910759
0,0572266224381451 0,000853246057206936
0,0567033466599125 0,000861120072072622
0,0561833018556348 0,000869090785871034
0,0556663928197454 0,000877161021024944
0,0551525258768303 0,00088533370296853
0,0546416087947423 0,000893611865381234
0,0541335506994547 0,000901998655763548
0,0536282619914807 0,000910497341314739
0,0531256542637391 0,00091911131522522
0,0526256402205443 0,000927844103329535
0,0521281335976682 0,000936699371195795
0,0516330490832106 0,000945680931681366
0,0511403022391256 0,000954792752968714
0,0506498094231821 0,000964038967147597
0,0501614877112274 0,000973423879365366
0,0496752548194994 0,000982951977599268
0,0491910290268387 0,000992627943114054
0,0487087290965308 0,0010024566616333
0,048228274197691 0,00101244323532062
0,0477495838258189 0,0010225929955896
0,0472725777224212 0,00103291151688963
0,046797175793408 0,00104340463147092
0,0463232980260222 0,00105407844526117
0,0458508644040505 0,00106493935495355
0,0453797948210112 0,00107599406641638
0,0449100089910744 0,00108724961449696
0,0444414263573349 0,00109871338444432
0,0439739659971489 0,00111039313501463
0,0435075465241268 0,00112229702347095
0,043042085986455 0,00113443363265242
0,0425775017610527 0,00114681200030429
0,0421137104431511 0,00115944165092063
0,0416506277307726 0,00117233263033211
0,0411881683035764 0,00118549554334905
0,0407262456954816 0,00119894159475773
0,0402647721603918 0,00121268263404084
0,0398036585303562 0,00122673120425048
0,0393428140653142 0,00124110059543716
0,0388821462936222 0,00125580490320245
0,0384215608423559 0,0012708590929686
0,0379609612563837 0,0012862790705655
0,0375002488049563 0,00130208175995212
0,0370393222745965 0,00131828518892863
0,0365780777467432 0,00133490858378913
0,0361164083586351 0,00135197247405364
0,0356542040454695 0,00136949880862005
0,0351913512619767 0,00138751108472913
0,0347277326809163 0,00140603449154596
0,0342632268661535 0,00142509607029554
0,0337977079171771 0,0014447248932459
0,0333310450819513 0,001464952264248
0,0328631023343212 0,0014858119439187
0,0323937379116968 0,00150734040312643
0,03192280380834 0,00152957710907094
0,0314501452186628 0,00155256484900269
0,0309755999243486 0,0015763500975559
0,0304989976181437 0,00160098343473132
0,0300201591560537 0,00162652002305297
0,0295388957285916 0,00165302015387552
0,0290550079401201 0,00168054987502431
0,028568284783755 0,0017091817143441
0,0280785024973224 0,00173899551684623
0,0275854232835243 0,00177007941696956
0,02708879387472 0,00180253097234193
0,0265883439197955 0,00183645849135439
0,0260837841664099 0,00187198259466812
0,0255748044083216 0,00190923806035762
0,0250610711616697 0,00194837601503966
0,0245422250291503 0,00198956654926775
0,0240178777039508 0,00203300185655155
0,0234876085583924 0,00207890002258881
0,0229509607546628 0,00212750962735531
0,0224074368069181 0,00217911537063825
0,0218564935178208 0,0022340449954952
0,0212975362084439 0,00229267787056232
0,0207299121624143 0,00235545570960645
0,0201529032198821 0,00242289606761913
0,019565717493576 0,00249560947502338
0,0189674802573895 0,00257432138059237
0,0183572242111991 0,002659900505697
0,0177338796120331 0,00275339581810727
0,0170962652886723 0,00285608518223869
0,0164430825146895 0,00296953992166479
0,015772915451563 0,00309571113295679
0,015084245017386 0,00323704566627519
0,0143754887238412 0,00339664208296325
0,0136450892474017 0,00357845881967299
0,0128916925635734 0,0037875856658704
0,0121144870152487 0,00403057842244063
0,0113138211250184 0,00431581774389414
0,0104922698834748 0,00465374895087932
0,00965631143113501 0,00505662957442791
0,00881850216778561 0,00553703894760451
0,00799913542367236 0,00610420843958928
0,0072249489253941 0,00675830244155463
0,00652267858674432 0,00748594144464355
0,00590992001265797 0,00826210673883616
0,00539033281487629 0,00905851116054308
0,00255820611101529 -0,0108607934542485
0,0461678919721582 -0,00166418571128974
0,0414439110578779 -0,00482886472147783
0,0346533478771782 0,0061777059516668
0,0237872912001516 0,0113175388382219
0,011931237817294 0,022990332455244
0,00712013766113603 0,0363069639779699
0,00504989236312569 0,0472265364917762
0,00388102442280931 0,0567170277903736
0,00311653188633323 0,0653229193755879
0,00257788859748314 0,0733651559720348
0,00217824556486438 0,0810078270507919
0,00187115771505463 0,0883589453758079
0,00162869907939622 0,0954851338493325
0,00143317112198165 0,102432771158484
0,00127272750642508 0,109233937597082
0,00113915386651913 0,11591205671778
0,00102657055524778 0,122484474544789
0,00093066339100312 0,128964408246876
0,000848197960907435 0,135362100779486
0,000776704822749063 0,14168564101813
0,00071426831267903 0,147941513347083
0,000659381473747837 0,154134990956077
0,000610844065525708 0,160270416400797
0,000567689479450059 0,166351407638485
0,000529131445256784 0,172381010877573
0,000494524569020596 0,178361816011712
0,000463334702357382 0,184296044590562
0,000435116415434231 0,190185618092644
0,000409495671257799 0,196032211060706
0,000386156362601918 0,201837293262234
0,000364829748333368 0,207602163253167
0,000345286090953326 0,213327975279546
0,000327327983261691 0,219015761295972
0,000310784981095148 0,224666448828011
0,000295509256400171 0,230280875715677
0,000281372053374769 0,235859802422968
0,000268260780594955 0,241403922106596
0,000256076612296109 0,246913869367969
0,000244732497516763 0,252390227406304
0,000234151499937761 0,257833534175874
0,000224265406599105 0,263244287677828
0,000215013556413478 0,268622950462973
0,000206341849478354 0,273969953494323
0,000198201905949236 0,279285699571582
0,000190550348764108 0,284570566184203
0,000183348190082119 0,289824908154171
0,000176560304236061 0,295049059874623
0,000170154973380913 0,300243337132977
0,000164103495183744 0,305408039113019
0,000158379841976789 0,310543449665688
0,000152960364912464 0,31564983898699
0,000147823535182254 0,320727464465333
0,000142949718397805 0,325776572148074
0,000138320976140107 0,330797397491155
0,000133920891721236 0,335790166276849
0,000129734416699225 0,340755095556916
0,000125747734939385 0,345692394092595
0,000121948142689093 0,350602263296293
0,000118323941827078 0,355484897673627
0,00011486434501056 0,36034048530543
0,000111559391307047 0,365169208509218
0,000108399870663771 0,369971244137435
0,000105377256509065 0,374746764095693
0,0001024836451905 0,379495935544618
9,97117018580744E-5 0,384218921510857
9,70546115224527E-5 0,388915880962963
9,45060351493356E-5 0,39358696919101
9,20600700168108E-5 0,398232338103638
8,97112138944517E-5 0,402852136503084
8,74543325225663E-5 0,407446510110129
8,52846303753618E-5 0,412015602096044
8,31976238575498E-5 0,416559552980521
8,11891171445673E-5 0,421078500983685
7,92551801147531E-5 0,425572582167641
7,73921282484197E-5 0,430041930583295
7,55965042611735E-5 0,434486678329509
7,38650614222178E-5 0,438906955867805
7,21947481505338E-5 0,443302891909626
7,05826941223204E-5 0,447674613919876
6,90261971844439E-5 0,452022247538064
6,75227118780208E-5 0,45634591767164
6,60698382592703E-5 0,460645747523708
6,46653121946105E-5 0,46492185953129
6,33069959967506E-5 0,469174374824894
6,19928701440379E-5 0,473403413921375
6,07210252934445E-5 0,477609096132973
5,94896552143254E-5 0,481791540129993
5,82970500628092E-5 0,485950863748325
5,71415902728359E-5 0,490087184240033
5,60217407816442E-5 0,494200618029244
5,49360458276142E-5 0,49829128109615
5,38831240014603E-5 0,502359288819395
5,28616637033815E-5 0,506404756038551
5,18704189276674E-5 0,510427797136104
5,09082053274099E-5 0,514428526040954
4,99738965836877E-5 0,518407056380298
4,90664209468065E-5 0,522363501235444
4,81847581295048E-5 0,526297973492795
4,73279363027576E-5 0,530210585630263
4,64950293475499E-5 0,534101449796286
4,56851543297233E-5 0,537970678123843
4,48974689636527E-5 0,541818382026505
4,41311695271497E-5 0,54564467317169
4,33854885956486E-5 0,549449662569744
4,26596932273191E-5 0,553233461541825
4,19530829126171E-5 0,556996180481331
4,12649880884833E-5 0,560737930428239
4,05947682816488E-5 0,564458821596189
3,99418107264872E-5 0,568158964315754
3,93055288934495E-5 0,571838468796669
3,86853611234925E-5 0,575497445001434
3,8080769375516E-5 0,579136002744541
3,74912380353865E-5 0,582754251700187
3,69162728078621E-5 0,586352301508747
3,63553996297927E-5 0,589930261546741
3,58081636989379E-5 0,593488241111674
3,52741285289553E-5 0,597026349372777
3,47528750577739E-5 0,600544695316437
3,42440008280915E-5 0,60404338787684
3,37471191871E-5 0,607522535840341
3,32618585203875E-5 0,61098224765385
3,2787861620461E-5 0,614422632070333
3,232478490452E-5 0,617843797095886
3,18722979216864E-5 0,621245851242321
3,14300826299979E-5 0,624628902343356
3,0997832903693E-5 0,62799305821849
3,05752540220201E-5 0,631338426915258
3,01620620485918E-5 0,634665115561992
2,97579834970063E-5 0,637973231834875
2,93627547709696E-5 0,641262882891526
2,89761217641829E-5 0,644534175690114
2,85978394566668E-5 0,647787217055682
2,82276715269364E-5 0,651022113697478
2,78653899682276E-5 0,654238972051665
2,75107747395861E-5 0,657437898303277
2,71636134336474E-5 0,660618998402568
2,6823700983859E-5 0,663782378362134
2,64908392906121E-5 0,66692814339218
2,61648370437276E-5 0,670056399238765
2,58455093124225E-5 0,673167250497467
2,55326774230661E-5 0,676260802346736
2,52261686114263E-5 0,679337159291273
2,49258158040692E-5 0,68239642537681
2,46314574426922E-5 0,685438704858299
2,43429372154107E-5 0,688464101487418
2,40601038469605E-5 0,69147271843525
2,37828109601549E-5 0,694464659094128
2,35109168248448E-5 0,697440026177385
2,32442842127187E-5 0,700398922189674
2,2982780222413E-5 0,703341449367365
2,27262761058021E-5 0,706267709518263
2,24746471256725E-5 0,709177804222881
2,22277723926616E-5 0,712071834618811
2,1985534733464E-5 0,714949901564275
2,17478205432733E-5 0,717812105459217
2,15145196706945E-5 0,720658546490669
2,12855252787697E-5 0,723489324404836
2,10607337164325E-5 0,726304538350922
2,08400444501707E-5 0,729104287659796
2,06233598765724E-5 0,7318886705207
2,04105852978208E-5 0,734657785363757
2,02016287646577E-5 0,73741172988526
1,99964010018215E-5 0,74015060143034
1,97948153143027E-5 0,742874496975326
1,95967874940801E-5 0,745583513048009
1,94022357318292E-5 0,748277745669257
1,92110805521473E-5 0,750957290676113
1,9023244700871E-5 0,753622243071229
1,8838653112926E-5 0,756272697856714
1,86572327969548E-5 0,758908749199357
1,84789127983488E-5 0,761530491072849
1,83036241161615E-5 0,764138016938909
1,81312996331876E-5 0,766731419628875
1,79618740778805E-5 0,769310791835707
1,77952839303744E-5 0,771876225394403
1,76314673978103E-5 0,774427811966765
1,74703643443049E-5 0,776965642727516
1,73119162249193E-5 0,77948980807565
1,71560660648278E-5 0,782000398296985
1,700275838174E-5 0,784497502935283
1,68519391564377E-5 0,786981211190216
1,67035557758856E-5 0,789451611660495
1,65575569991482E-5 0,79190879256973
1,64138929027332E-5 0,794352841477732
1,62725148561471E-5 0,796783845666357
1,61333754642871E-5 0,799201891702844
1,59964285416368E-5 0,801607065729304
1,58616290772383E-5 0,803999453503752
1,57289331846189E-5 0,806379140031661
1,55982980856514E-5 0,808746210012184
1,54696820682271E-5 0,811100747601065
1,53430444505295E-5 0,81344283630452
1,52183455629499E-5 0,81577255930352
1,5095546707506E-5 0,81808999916661
1,49746101316596E-5 0,82039523790972
1,4855499006319E-5 0,822688357146196
1,47381773928935E-5 0,824969437916971
1,46226102156418E-5 0,827238560635165
1,45087632511932E-5 0,829495805486639
1,43966030809654E-5 0,831741251771718
1,42860970922943E-5 0,833974978591322
1,41772134370857E-5 0,836197064311447
1,40699210243671E-5 0,83840758697401
1,39641894845524E-5 0,840606623868222
1,38599891667538E-5 0,842794252050606
1,37572910993385E-5 0,844970547757988
1,36560669903322E-5 0,847135586991268
1,35562891936431E-5 0,84928944505198
1,34579307002164E-5 0,851432196816945
1,33609651159194E-5 0,853563916589928
1,32653666495799E-5 0,855684678251327
1,31711100906398E-5 0,857794555065035
1,30781708003074E-5 0,859893619897336
1,29865246897639E-5 0,861981945006127
1,28961482112765E-5 0,86405960223141
1,28070183377798E-5 0,866126662794653
1,27191125581636E-5 0,868183197602936
1,26324088511218E-5 0,8702292768238
1,25468856860641E-5 0,872264970355536
1,24625219971133E-5 0,874290347373147
1,23792971854889E-5 0,876305476831586
1,22971910910145E-5 0,878310426890815
1,22161839951591E-5 0,880305265424622
1,21362566027208E-5 0,882290059771462
1,20573900314112E-5 0,884264876750553
7,10928110335566E-8 -0,186241488912292
3,11008186884929E-6 -1,31313459837122
3,46764644961576E-6 -1,5254185272781
8,60560487600607E-6 -2,52943957698494
1,32168453879892E-5 -3,2673774046627
2,11015902741957E-5 -4,25805213700866
3,04543589513816E-5 -5,24390489699052
4,28456417995127E-5 -6,34595550681241
5,81552947229597E-5 -7,51692317497686
7,72590348021579E-5 -8,78488267530408
0,000100709468980625 -10,1478410666974
0,000129409271585227 -11,6181547120916
0,000164341481317732 -13,2043877633137
0,000206752167857099 -14,9189590435586
0,000258143642296683 -16,7754427848849
0,000320375403958384 -18,7901221633813
0,000395747813945304 -20,9819886062307
0,000487134889969465 -23,3735232810338
0,000598153026713162 -25,9913913287299
0,000733394321347406 -28,8674600694362
0,000898745770053661 -32,0400796020383
0,00110183546595598 -35,5557911343447
0,00135266458821089 -39,4716021652814
0,00166451868804359 -43,8580740055095
0,00205530655491137 -48,8035735606894
0,00254956968388086 -54,4202387148585
0,00318157074350087 -60,8525173175989
0,00400017031819382 -68,2896772052768
0,00507676761647997 -76,984619265194
0,00651869673248025 -87,2830404060441
0,0084927785729626 -99,670256650044
0,0112687946819747 -114,84956360743
0,0153045646371038 -133,880052827713
0,0214247802811604 -158,434122729136
0,0312322022943217 -191,316511900325
0,0481697290103548 -237,617816195346
0,0807325168009654 -307,638957331774
0,154685809527592 -425,849283438446
0,380624172552953 -668,012436507289
1,77752260826912 -1443,59357290734
183,573687306208 14669,2843600592
1,37050693249392 1267,59300109706
0,393406009307854 679,150760568219
0,189512039125402 471,387027359644
0,113737049876666 365,202199217225
0,0771210859158911 300,748986502252
0,0565121909261503 257,476813804521
0,0436905799057812 226,426248346818
0,0351272028712837 203,066758076388
0,0290969772561932 184,861068969766
0,0246728226344098 170,277603111002
0,021319077970351 158,337130762757
0,0187079935512679 148,384371459628
0,0166294920485059 139,964273419356
0,0149436364700762 132,750968408694
0,0135541410973236 126,50497257992
0,0123928961268242 121,046345767276
0,0114105566419061 116,237271987585
0,0105706190795137 111,970418613038
0,0098455785985324 108,160951985957
0,0092143703483696 104,740939139096
0,00866062502424294 101,655341211825
0,00817145465227447 98,8590948913801
0,00773659164954587 96,3149529959095
0,0073477677318758 93,9918618888172
0,00699825921550637 91,8637278305166
0,00668254922037642 89,9084662220557
0,0063960736848739 88,1072620018169
0,00613502803877181 86,4439877774046
0,00589621847482966 84,9047419436677
0,00567694639506363 83,4774789763831
0,00547491779703696 82,1517111513442
0,00528817156522274 80,9182658219181
0,00511502232136207 79,7690869539438
0,00495401449229732 78,6970714799136
0,00480388513643203 77,6959335642145
0,00466353369918714 76,7600916976747
0,00453199718183424 75,8845737070543
0,00440842971501935 75,0649370856869
0,00429208559781542 74,2972013225577
0,00418230517409067 73,5777904414013
0,00407850301230029 72,9034839977173
0,00398015794590085 72,2713749377995
0,00388680467376787 71,6788334838915
0,00379802661856426 71,1234758239448
0,00371344984422898 70,6031369987236
0,00363273786474168 70,1158474355354
0,00355558716587768 69,659812276527
0,00348172336928712 69,2333935050848
0,00341089790181501 68,8350941225687
0,00334288511234822 68,4635442779965
0,00327747976772578 68,1174890747867
0,00321449485618686 67,7957776687338
0,00315375968489592 67,4973538060327
0,00309511818882887 67,2212471899956
0,00303842746170116 66,9665659906998
0,00298355644928863 66,732490046355
0,00293038479959395 66,5182648449308
0,00287880184348546 66,323196132127
0,00282870568566524 66,1466450341103
0,00278000240220305 65,9880237528428
0,00273260532037801 65,8467916451111
0,00268643437369455 65,722451674833
0,00264141552948303 65,6145472763982
0,00259748027142618 65,5226594778921
0,0025545651353717 65,4464043138145
0,00251261129036191 65,3854304738484
0,00247156416440736 65,3394172236609
0,0024313730999214 65,30807244143
0,00239199104853972 65,2911309269017
0,00235337428864974 65,2883527950172
0,00231548217470239 65,299522099732
0,00227827690032524 65,3244454673809
0,00224172329570641 65,362951042829
0,00220578862653964 65,4148873110877
0,00217044242622209 65,4801222581924
0,00213565632903561 65,5585424259981
0,00210140392786402 65,650052216262
0,00206766063408606 65,7545731260802
0,00203440355692563 65,8720431859161
0,00200161138725302 66,0024163830968
0,00196926429260897 66,1456621837854
0,00193734381976988 66,3017651053677
0,00190583280452351 66,4707243416338
0,00187471528862172 66,652553448197
0,00184397644287766 66,8472800785592
0,00181360249507432 67,0549457540404
0,00178358066327567 67,2756056837349
0,00175389909555528 67,5093286605703
0,0017245468096913 67,7561969195853
0,00169551364237029 68,0163061413615
0,00166679019668468 68,2897653947026
0,00163836779675055 68,5766971913545
0,00161023844343995 68,8772375417913
0,00158239477328481 69,1915360558873
0,00155483001958482 69,5197560728742
0,00152753797735809 69,8620748604902
0,00150051296839245 70,2186838066616
0,00147374980980545 70,5897886812009
0,0014472437837037 70,9756099186477
0,00142099060935153 71,3763829583997
0,00139498641589915 71,7923585999755
0,00136922771770563 72,223803426042
0,00134371138993917 72,6710002403219
0,00131843464685542 73,1342485850315
0,00129339501958821 73,6138652599297
0,00126859033686133 74,1101849370846
0,00124401870532906 74,6235607874075
0,00121967849147794 75,1543651751037
0,00119556830505683 75,7029904261559
0,00117168698182372 76,2698496090288
0,00114803356915531 76,8553774398673
0,00112460731019584 77,4600311840132
0,00110140763132935 78,0842917115082
0,00107843412721116 78,7286645238959
0,00105568654985157 79,3936809761003
0,00103316479546466 80,0798994857458
0,00101086889346742 80,7879068882813
0,000988798995800227 81,5183198831348
0,000966955366321978 82,27178656776
0,000945338371408485 83,0489881129656
0,000923948469980418 83,8506405173166
0,000902786205525427 84,677496558195
0,000881852196887016 85,5303478136776
0,000861147130749058 86,4100268942058
0,000840671753805917 87,3174098089522
0,00082042686573885 88,2534185328812
0,000800413312193193 89,2190237518991
0,000780631978313139 90,2152478308002
0,000761083782772375 91,2431680221098
0,000741769671607334 92,303919898042
0,000722690613069496 93,3987010975944
0,000703847592109899 94,5287753350982
0,000685241605607778 95,6954767638572
0,000666873657625724 96,9002146833404
0,000648744755110052 98,1444786513549
0,00063085590363332 99,4298440128443
0,000613208103613541 100,757977918758
0,000595802346599065 102,130645853753
0,000578639611855985 103,549718743188
0,000561720863118318 105,017180688419
0,000545047045679772 106,535137412348
0,000528619083488471 108,105825460735
0,000512437876599857 109,731622274148
0,000496504298715559 111,415057200557
0,000480819195055635 113,158823579426
0,000465383380021002 114,965791959092
0,00045019763565507 116,839024693702
0,000435262709524325 118,781791917967
0,000420579313365869 120,797589229414
0,000406148121522032 122,890157160436
0,000391969769582036 125,063502714895
0,000378044853289165 127,321923238776
0,000364373927355424 129,670032867524
0,00035095750456648 132,112791945047
0,000337796054887702 134,655539759524
0,000324890004779448 137,304031079741
0,00031223973646464 140,064476964651
0,000299845587427107 142,943590499362
0,000287707849915761 145,948638114464
0,000275826770549242 149,087497321664
0,000264202549984974 152,368721811102
0,000252835342668901 155,801615032242
0,000241725256624217 159,396313562468
0,000230872353327147 163,163881829333
0,000220276647574146 167,116419997141
0,00020993810744904 171,267187237645
0,000199856654292023 175,630742964362
0,000190032162687657 180,223109161263
0,000180464460516891 185,061957587911
0,000171153328944686 190,166826354432
0,000162098502510753 195,559371461096
0,000153299669122412 201,263659943492
0,000144756470108974 207,306512957498
0,000136468500202165 213,717908907674
0,000128435307529696 220,531459280423
0,000120656393531884 227,78497284609
0,000113131212847415 235,521127980422
0,000105859173124324 243,788277973757
9,88396347635153E-5 252,641420993079
9,20719105408867E-5 262,143375193969
8,55552651469015E-5 272,366211370611
7,92889145736748E-5 283,393011213285
7,32720253488557E-5 295,320040673082
6,75037135811227E-5 308,259457073337
6,19830438002643E-5 322,342708956768
5,67090275249604E-5 337,724843944512
5,16806215469946E-5 354,59001985241
4,6896725847622E-5 373,158628885359
4,23561811000967E-5 393,696612137636
3,80577656631496E-5 416,527789605716
3,40001919741565E-5 442,050405514168
3,01821022035341E-5 470,759665438302
2,66020630132495E-5 503,278949570645
2,32585592059919E-5 540,403850303696
2,01499859852454E-5 583,165607338266
1,72746394554151E-5 632,924654378846
1,46307048564887E-5 691,51230825131
1,2216241825772E-5 761,452074306559
1,00291656847161E-5 846,317876459216
8,06722327046436E-6 951,338837543188
6,32796107344698E-6 1084,47295037218
4,80868213381742E-6 1258,43358063468
3,5063858145063E-6 1494,81803688303
2,41768008092311E-6 1833,38665595392
1,53864656934388E-6 2355,85094187671
8,64617055071488E-7 3259,41549517868
3,89761879545824E-7 5161,80253037572
1,06193893708385E-7 11322,9274571366
